  ------------- I raw samples ------------- 
2224 2232 2217 2205 2198 2229 2191 2187 2182 2192 2200 2202 2206 2198 2184 2185 
2189 2166 2175 2181 2189 2184 2199 2163 2157 2169 2158 2159 2156 2180 2155 2157 
2126 2131 2144 2141 2146 2126 2143 2144 2137 2144 2155 2163 2146 2146 2143 2144 
2149 2153 2110 2129 2112 2134 2126 2128 2110 2117 2129 2127 2116 2123 2132 2123 
2120 2133 2124 2131 2113 2129 2140 2117 2087 2110 2117 2122 2125 2110 2094 2102 
2122 2117 2117 2098 2109 2110 2094 2099 2103 2110 2122 2092 2107 2104 2107 2127 
2120 2128 2105 2120 2124 2110 2107 2119 2118 2131 2138 2130 2118 2104 2130 2118 
2136 2115 2118 2125 2115 2126 2133 2118 2117 2122 2117 2129 2131 2120 2136 2124 

  ------------- Q raw samples ------------- 
2041 2060 2066 2062 2067 2056 2060 2070 2064 2055 2057 2073 2067 2068 2075 2080 
2081 2095 2090 2100 2091 2092 2083 2104 2095 2097 2116 2110 2111 2095 2099 2112 
2122 2125 2108 2112 2112 2103 2104 2114 2113 2108 2112 2106 2094 2108 2109 2111 
2111 2091 2109 2101 2113 2104 2109 2098 2097 2100 2097 2100 2091 2097 2096 2102 
2102 2092 2106 2090 2086 2094 2078 2078 2086 2094 2083 2079 2082 2068 2082 2084 
2080 2085 2080 2072 2075 2060 2076 2078 2087 2082 2068 2076 2079 2072 2073 2072 
2089 2073 2086 2086 2094 2090 2083 2077 2095 2103 2096 2086 2088 2095 2091 2093 
2095 2096 2102 2111 2107 2106 2097 2110 2094 2114 2110 2101 2105 2105 2116 2122 

  ------------- I raw samples ------------- 
2103 2096 2089 2080 2099 2085 2095 2099 2109 2100 2107 2110 2108 2110 2093 2109 
2084 2092 2078 2106 2108 2095 2101 2093 2102 2125 2116 2120 2102 2119 2096 2108 
2099 2099 2097 2100 2107 2101 2108 2120 2086 2085 2100 2110 2111 2093 2098 2104 
2111 2096 2089 2107 2129 2121 2110 2120 2135 2123 2122 2127 2110 2096 2087 2113 
2108 2108 2117 2114 2105 2100 2109 2129 2112 2118 2111 2121 2096 2099 2121 2112 
2116 2112 2092 2118 2127 2124 2109 2083 2099 2117 2097 2104 2107 2116 2104 2102 
2098 2115 2092 2085 2096 2088 2089 2108 2093 2076 2091 2103 2096 2108 2089 2086 
2103 2111 2120 2116 2085 2089 2096 2100 2098 2117 2112 2100 2098 2092 2085 2080 

  ------------- Q raw samples ------------- 
2073 2075 2080 2080 2075 2081 2070 2077 2076 2066 2078 2064 2054 2065 2087 2070 
2092 2084 2080 2068 2084 2069 2070 2082 2074 2075 2077 2072 2088 2082 2074 2071 
2096 2089 2083 2074 2082 2076 2074 2074 2077 2089 2092 2066 2074 2079 2094 2077 
2075 2080 2082 2103 2072 2078 2082 2082 2071 2086 2091 2079 2089 2083 2084 2079 
2079 2090 2093 2086 2078 2085 2069 2064 2072 2079 2068 2076 2075 2083 2073 2082 
2075 2077 2085 2090 2085 2087 2080 2093 2084 2070 2088 2089 2083 2069 2085 2093 
2081 2064 2099 2090 2093 2097 2095 2102 2094 2105 2089 2094 2094 2108 2099 2107 
2092 2084 2085 2074 2082 2092 2100 2084 2097 2103 2100 2094 2083 2088 2095 2101 

  ------------- I raw samples ------------- 
2059 2037 2057 2049 2039 2063 2061 2067 2077 2074 2070 2068 2051 2037 2067 2064 
2049 2087 2070 2066 2062 2063 2046 2066 2063 2060 2047 2054 2060 2066 2065 2067 
2062 2055 2042 2070 2092 2066 2063 2059 2069 2065 2071 2072 2075 2084 2084 2084 
2085 2073 2074 2060 2056 2094 2091 2076 2089 2083 2092 2073 2090 2094 2097 2089 
2088 2082 2052 2097 2091 2117 2098 2091 2075 2095 2097 2107 2092 2094 2085 2098 
2090 2075 2104 2083 2078 2078 2085 2092 2120 2091 2090 2107 2096 2093 2094 2082 
2094 2104 2103 2102 2079 2095 2111 2110 2103 2106 2092 2117 2132 2103 2095 2118 
2100 2126 2120 2113 2121 2120 2114 2110 2111 2113 2101 2115 2119 2124 2121 2114 

  ------------- Q raw samples ------------- 
2112 2118 2117 2122 2118 2116 2129 2134 2127 2132 2116 2117 2119 2117 2125 2120 
2126 2123 2137 2120 2114 2131 2137 2127 2134 2121 2136 2125 2136 2141 2125 2127 
2144 2136 2136 2137 2144 2144 2136 2147 2153 2140 2128 2136 2140 2129 2134 2136 
2146 2139 2140 2140 2142 2144 2137 2144 2143 2144 2134 2142 2146 2142 2145 2142 
2144 2142 2145 2141 2144 2148 2153 2149 2152 2157 2153 2141 2142 2134 2137 2136 
2136 2142 2136 2138 2136 2139 2134 2132 2141 2136 2142 2138 2139 2143 2137 2140 
2128 2132 2143 2146 2148 2136 2133 2131 2137 2144 2125 2128 2120 2129 2143 2134 
2128 2134 2119 2132 2129 2130 2133 2134 2142 2132 2127 2115 2126 2112 2123 2133 

  ------------- I raw samples ------------- 
1276 1434 1621 1818 2040 2257 2448 2615 2828 2977 3114 3225 3311 3358 3377 3358 
3337 3246 3142 3005 2853 2698 2497 2287 2090 1886 1684 1505 1339 1175 1050 940 
877 808 810 848 917 1004 1114 1255 1419 1611 1836 2055 2261 2462 2681 2863 
3021 3172 3271 3374 3396 3438 3400 3321 3239 3104 2960 2770 2587 2362 2162 1913 
1696 1493 1315 1153 990 882 791 745 737 770 831 937 1086 1225 1404 1620 
1839 2074 2286 2506 2703 2894 3099 3227 3336 3413 3409 3440 3391 3274 3161 2984 
2782 2550 2328 2090 1865 1642 1425 1234 1088 963 874 847 817 841 905 1000 
1143 1291 1479 1680 1896 2103 2325 2530 2710 2884 3035 3161 3253 3307 3316 3304 

  ------------- Q raw samples ------------- 
3565 3610 3648 3648 3592 3516 3397 3249 3056 2850 2630 2390 2129 1894 1672 1455 
1242 1066 896 774 667 601 588 619 682 744 892 1050 1225 1440 1672 1913 
2144 2381 2625 2846 3055 3244 3390 3525 3592 3625 3631 3591 3497 3372 3200 3024 
2800 2569 2324 2056 1799 1543 1305 1096 898 747 629 540 490 504 558 644 
783 960 1152 1363 1610 1856 2126 2410 2633 2888 3096 3281 3433 3563 3636 3686 
3672 3629 3518 3386 3227 3010 2770 2529 2237 1952 1694 1412 1175 946 768 631 
558 530 528 594 715 857 1056 1280 1522 1792 2053 2314 2575 2802 3027 3204 
3353 3470 3535 3565 3540 3496 3402 3244 3077 2886 2664 2410 2146 1889 1631 1374 

  ------------- I raw samples ------------- 
2665 2765 2736 2595 2356 2054 1738 1436 1188 1015 946 1028 1213 1487 1801 2147 
2502 2794 3004 3140 3146 3097 2992 2803 2570 2311 2086 1880 1784 1698 1734 1834 
1971 2122 2268 2356 2402 2373 2289 2164 1975 1796 1603 1454 1311 1233 1227 1281 
1424 1628 1880 2137 2412 2641 2811 2887 2882 2815 2721 2571 2402 2247 2072 1905 
1782 1629 1530 1457 1438 1478 1533 1611 1647 1710 1754 1804 1858 1921 2034 2155 
2299 2520 2722 2935 3129 3231 3306 3329 3256 3117 2872 2564 2196 1786 1359 976 
669 452 404 441 648 964 1340 1785 2240 2704 3067 3348 3557 3660 3631 3488 
3260 2945 2623 2249 1942 1630 1400 1248 1215 1272 1421 1603 1827 2059 2257 2413 

  ------------- Q raw samples ------------- 
2314 1943 1590 1333 1174 1163 1272 1521 1882 2285 2694 3068 3360 3528 3566 3473 
3235 2937 2586 2209 1868 1552 1323 1170 1112 1171 1301 1496 1728 1964 2157 2290 
2343 2297 2189 2023 1849 1672 1551 1463 1466 1537 1671 1858 2094 2360 2641 2887 
3092 3205 3223 3144 2960 2718 2410 2090 1824 1605 1426 1330 1303 1317 1365 1476 
1596 1761 1938 2124 2286 2430 2550 2614 2664 2681 2724 2763 2820 2895 2951 2988 
2975 2893 2744 2532 2271 1964 1613 1276 953 667 454 351 337 474 740 1116 
1607 2166 2708 3230 3658 3972 4095 4095 3972 3706 3300 2842 2325 1830 1367 977 
706 548 516 613 816 1128 1480 1855 2212 2506 2731 2858 2872 2782 2626 2422 

  ------------- I raw samples ------------- 
2267 1777 1367 1052 867 816 886 1082 1373 1749 2181 2631 2999 3304 3468 3458 
3340 3040 2669 2229 1793 1400 1088 900 862 934 1102 1344 1660 1987 2297 2607 
2872 3079 3205 3215 3132 2914 2589 2220 1806 1411 1080 831 719 720 849 1092 
1406 1803 2200 2604 2961 3275 3460 3546 3493 3272 2966 2549 2084 1643 1262 936 
770 743 886 1167 1520 1968 2455 2912 3317 3582 3721 3666 3454 3084 2594 2021 
1450 912 474 211 122 215 520 1001 1591 2222 2839 3401 3765 3965 3946 3705 
3290 2707 2038 1378 800 356 79 28 214 605 1127 1808 2515 3168 3753 4095 
4095 4095 4022 3509 2851 2112 1366 704 244 1 3 253 723 1368 2063 2758 

  ------------- Q raw samples ------------- 
375 632 1047 1536 2076 2581 3021 3378 3613 3685 3598 3330 2930 2412 1852 1325 
878 554 398 439 652 1020 1485 1971 2436 2830 3142 3342 3429 3407 3271 3030 
2720 2347 1895 1480 1097 779 607 584 734 1018 1414 1891 2393 2849 3266 3573 
3766 3807 3712 3501 3145 2700 2185 1654 1158 761 507 420 518 782 1202 1704 
2262 2803 3264 3605 3771 3761 3571 3212 2697 2105 1471 872 375 35 2 4 
268 783 1421 2140 2881 3553 4095 4095 4095 4095 3928 3314 2548 1741 977 373 
2 2 1 245 828 1569 2365 3150 3837 4095 4095 4095 4095 4023 3306 2430 
1549 703 27 2 2 3 32 638 1464 2358 3221 3922 4095 4095 4095 4095 

  ------------- I raw samples ------------- 
3242 3201 3165 3130 3071 3021 2961 2914 2864 2797 2751 2717 2648 2573 2535 2474 
2386 2352 2289 2237 2174 2126 2088 2029 1989 1926 1871 1833 1786 1758 1722 1682 
1637 1628 1586 1562 1533 1501 1484 1448 1427 1414 1390 1396 1371 1358 1355 1362 
1351 1330 1363 1366 1349 1351 1363 1384 1397 1397 1396 1395 1411 1427 1450 1464 
1486 1514 1524 1538 1556 1591 1595 1636 1666 1678 1681 1695 1725 1748 1764 1774 
1824 1853 1864 1873 1920 1927 1932 1953 1990 2004 2029 2042 2084 2090 2105 2127 
2147 2160 2180 2177 2210 2218 2232 2267 2279 2298 2320 2341 2339 2349 2360 2378 
2378 2401 2411 2438 2448 2447 2447 2465 2470 2477 2485 2492 2491 2486 2476 2514 

  ------------- Q raw samples ------------- 
962 907 856 825 804 767 739 726 700 693 704 700 686 696 688 724 
724 742 762 790 820 840 869 903 932 962 993 1050 1102 1137 1168 1217 
1263 1309 1365 1404 1439 1504 1548 1576 1646 1676 1721 1763 1807 1850 1895 1935 
1971 2013 2036 2092 2118 2145 2181 2193 2240 2270 2294 2312 2330 2362 2375 2394 
2401 2429 2443 2461 2461 2466 2494 2492 2511 2511 2504 2533 2504 2514 2531 2522 
2514 2511 2510 2503 2504 2512 2499 2489 2477 2478 2472 2468 2464 2438 2444 2434 
2441 2435 2441 2419 2426 2410 2395 2396 2392 2395 2381 2376 2375 2382 2374 2371 
2364 2384 2373 2379 2380 2389 2372 2375 2379 2375 2383 2382 2387 2399 2419 2429 

  ------------- I raw samples ------------- 
669 1 0 0 1 1 355 1556 2864 4007 4095 4095 4095 4095 3775 2805 
1721 714 2 1 1 0 1 45 1078 2316 3414 4095 4095 4095 4020 3367 
2543 1655 807 60 1 0 1 0 571 1589 2577 3408 3864 3971 3702 3177 
2516 1822 1214 710 365 243 384 811 1462 2311 3136 3790 4095 4095 3793 3189 
2523 1875 1312 895 633 597 789 1262 1963 2823 3676 4095 4095 4095 4095 3469 
2639 1847 1224 783 600 628 930 1437 2167 2990 3799 4095 4095 4095 4074 3290 
2383 1527 897 464 279 292 514 958 1562 2326 3106 3716 3993 3900 3398 2608 
1743 976 426 154 153 359 719 1202 1752 2340 2871 3253 3424 3308 2873 2263 

  ------------- Q raw samples ------------- 
4095 4095 4095 3576 2226 790 4 3 1 4 2 556 1961 3336 4095 4095 
4095 4095 4095 4095 3886 2576 1147 1 2 1 3 3 442 1696 2899 3915 
4095 4095 4095 4095 4042 3113 1966 782 3 3 6 3 124 1066 2102 2954 
3536 3818 3795 3494 2948 2216 1364 493 1 1 2 1 423 1404 2369 3160 
3626 3749 3615 3225 2635 1891 1067 253 2 4 4 0 671 1827 2940 3834 
4095 4095 4095 3633 2926 2098 1259 475 3 2 2 244 1228 2431 3596 4095 
4095 4095 4095 4095 3523 2744 1942 1187 570 208 224 690 1543 2618 3682 4095 
4095 4095 4095 3642 2885 2139 1487 970 615 470 608 1051 1710 2515 3264 3781 

  ------------- I raw samples ------------- 
2545 2942 3149 3161 2936 2603 2169 1739 1375 1218 1233 1412 1763 2211 2625 2965 
3140 3100 2903 2568 2128 1715 1387 1200 1211 1400 1689 2052 2404 2716 2906 2920 
2796 2535 2167 1757 1461 1276 1248 1350 1589 1888 2225 2529 2749 2852 2798 2641 
2368 2049 1753 1513 1382 1360 1475 1657 1909 2129 2310 2386 2427 2379 2269 2097 
1922 1736 1599 1554 1600 1726 1891 2046 2185 2275 2278 2239 2143 2011 1860 1716 
1607 1499 1492 1585 1747 1968 2144 2342 2421 2440 2387 2262 2137 1962 1787 1611 
1502 1469 1514 1654 1873 2128 2361 2539 2632 2620 2548 2388 2189 1986 1803 1623 
1503 1467 1478 1622 1837 2072 2341 2553 2715 2752 2734 2635 2437 2218 2009 1805 

  ------------- Q raw samples ------------- 
968 1133 1540 2043 2597 3032 3279 3288 3072 2677 2171 1667 1249 1009 998 1211 
1607 2128 2674 3104 3359 3357 3149 2760 2282 1825 1438 1207 1173 1324 1628 2060 
2504 2907 3171 3239 3098 2783 2369 1948 1576 1340 1228 1297 1512 1824 2229 2604 
2923 3096 3113 2963 2676 2351 2031 1787 1642 1619 1698 1858 2060 2296 2487 2627 
2698 2668 2548 2348 2118 1905 1764 1724 1766 1906 2068 2236 2401 2521 2575 2558 
2450 2284 2075 1836 1631 1488 1462 1545 1721 1936 2162 2361 2494 2576 2567 2502 
2341 2126 1857 1592 1373 1272 1266 1396 1621 1885 2164 2398 2552 2631 2617 2528 
2359 2115 1851 1563 1333 1182 1137 1228 1396 1671 1957 2230 2472 2595 2634 2594 

  ------------- I raw samples ------------- 
2102 2070 2070 2089 2080 2091 2102 2085 2104 2107 2093 2087 2099 2104 2102 2104 
2114 2127 2113 2104 2127 2127 2117 2134 2126 2122 2113 2117 2135 2131 2129 2137 
2117 2120 2133 2160 2147 2134 2116 2137 2149 2165 2138 2133 2123 2136 2137 2143 
2140 2158 2137 2153 2138 2139 2134 2123 2138 2135 2155 2161 2154 2139 2136 2135 
2131 2152 2132 2142 2116 2128 2132 2128 2147 2121 2137 2134 2117 2124 2128 2136 
2111 2115 2100 2096 2115 2124 2135 2112 2119 2130 2119 2099 2097 2116 2115 2108 
2102 2108 2104 2097 2107 2113 2078 2082 2090 2089 2080 2076 2078 2084 2076 2068 
2055 2077 2093 2082 2090 2100 2085 2061 2056 2082 2082 2090 2079 2086 2082 2093 

  ------------- Q raw samples ------------- 
1994 1990 1999 2000 2002 2000 1992 2014 2003 1994 2001 1998 2009 2006 2009 2008 
2001 1997 2003 2008 2006 2010 2020 2018 2015 2010 2015 2016 2009 2015 2009 2008 
2017 2010 2016 2003 2012 2021 2032 2021 2025 2033 2039 2031 2044 2049 2049 2044 
2038 2036 2058 2050 2055 2062 2063 2055 2055 2056 2054 2059 2060 2067 2069 2072 
2084 2073 2083 2078 2078 2080 2088 2087 2089 2097 2102 2098 2097 2098 2101 2120 
2117 2122 2118 2119 2120 2118 2125 2123 2132 2124 2133 2132 2135 2129 2133 2132 
2139 2133 2137 2136 2140 2150 2148 2140 2149 2145 2154 2164 2171 2168 2169 2164 
2168 2164 2145 2160 2156 2156 2160 2170 2169 2164 2179 2164 2175 2179 2177 2181 

  ------------- I raw samples ------------- 
2309 2381 2458 2535 2574 2603 2568 2504 2390 2250 2104 1960 1826 1732 1684 1643 
1690 1775 1882 2028 2187 2334 2438 2469 2490 2440 2334 2178 2005 1813 1607 1450 
1329 1245 1185 1208 1256 1354 1490 1661 1829 1986 2165 2283 2334 2340 2297 2191 
2011 1845 1648 1500 1393 1318 1302 1348 1434 1566 1732 1892 2083 2244 2348 2441 
2430 2374 2263 2114 1913 1730 1574 1452 1393 1370 1428 1501 1650 1836 2054 2238 
2454 2592 2714 2773 2773 2697 2563 2373 2182 1971 1832 1736 1676 1685 1787 1959 
2137 2354 2564 2752 2932 3039 3100 3093 2991 2832 2627 2383 2135 1956 1811 1746 
1790 1907 2073 2302 2573 2805 3035 3173 3259 3282 3213 3062 2832 2555 2223 1897 

  ------------- Q raw samples ------------- 
2187 2138 2055 1937 1796 1639 1505 1391 1312 1295 1323 1415 1532 1700 1890 2064 
2195 2300 2356 2349 2282 2169 1996 1814 1625 1446 1307 1226 1206 1273 1380 1559 
1756 1982 2201 2414 2592 2715 2794 2820 2794 2708 2546 2365 2168 1955 1792 1667 
1623 1635 1739 1897 2096 2314 2518 2708 2859 2945 2983 2948 2824 2670 2488 2267 
2061 1896 1790 1716 1752 1855 2028 2243 2470 2694 2902 3049 3149 3186 3165 3074 
2920 2736 2504 2242 2008 1815 1679 1633 1666 1803 1985 2215 2452 2675 2850 2950 
3004 2962 2850 2683 2444 2185 1922 1660 1442 1288 1233 1270 1406 1629 1896 2184 
2445 2639 2754 2774 2695 2529 2297 2001 1668 1337 1036 803 642 616 695 899 

  ------------- I raw samples ------------- 
4047 4095 4022 3314 2238 1048 66 1 0 278 1307 2541 3704 4095 4095 4095 
3724 2399 892 2 1 1 1 897 2512 4052 4095 4095 4095 4095 2914 992 
1 1 1 1 370 2237 4095 4095 4095 4095 4095 3484 1332 1 0 1 
1 44 2010 4095 4095 4095 4095 4095 3931 1698 1 2 2 1 0 1584 
3910 4095 4095 4095 4095 3922 1786 2 1 2 1 2 982 3467 4095 4095 
4095 4095 4095 2527 338 1 0 0 0 214 2339 4095 4095 4095 4095 4095 
3699 2221 722 2 1 2 1 912 2243 3285 3931 4095 4059 3800 3351 2728 
1911 976 188 1 1 36 598 1346 2144 3011 3860 4095 4095 4095 3936 2596 

  ------------- Q raw samples ------------- 
2249 1035 3 3 3 2 989 2518 3922 4095 4095 4095 3964 2546 981 3 
6 3 3 638 2500 4095 4095 4095 4095 4095 3037 989 1 1 2 2 
28 2055 4095 4095 4095 4095 4095 3608 1276 3 2 4 3 1 1467 4095 
4095 4095 4095 4095 3914 1430 3 1 4 4 5 696 3737 4095 4095 4095 
4095 4037 1561 2 3 4 2 4 414 3369 4095 4095 4095 4095 4095 2413 
4 3 2 4 4 3 2227 4095 4095 4095 4095 4095 3654 1483 3 3 
3 3 5 405 2224 3987 4095 4095 4095 4095 3055 1960 1084 400 4 2 
2 102 992 2178 3330 4095 4095 4095 4095 4095 3594 2362 845 2 4 1 

  ------------- I raw samples ------------- 
0 383 865 1374 1841 2334 2785 3213 3640 4044 4095 4095 4095 4095 4095 4095 
4095 4095 4095 4095 4095 4095 4095 4095 4095 4095 4095 4095 4095 4095 4095 4095 
4095 4095 4095 4095 4095 4095 4095 4032 3678 3324 2956 2609 2265 1912 1582 1265 
955 668 386 124 2 0 0 1 0 1 3 1 0 1 2 3 
1 2 1 2 1 1 2 1 0 1 0 2 1 1 0 0 
3 1 3 2 1 1 2 2 183 429 675 918 1162 1386 1627 1846 
2048 2259 2443 2628 2815 3010 3164 3311 3468 3632 3752 3871 3996 4092 4095 4095 
4095 4095 4095 4095 4095 4095 4095 4095 4095 4095 4095 4095 4095 4095 4095 4095 

  ------------- Q raw samples ------------- 
4095 4095 4095 4095 4095 4095 4095 4095 4095 4095 4095 4095 4095 4095 4095 4095 
3867 3334 2809 2302 1800 1325 857 424 1 3 4 3 3 2 4 3 
4 2 1 5 1 2 2 3 4 3 3 3 2 3 2 3 
3 3 1 3 2 3 3 2 2 3 1 196 583 984 1365 1731 
2085 2441 2765 3085 3377 3661 3927 4095 4095 4095 4095 4095 4095 4095 4095 4095 
4095 4095 4095 4095 4095 4095 4095 4095 4095 4095 4095 4095 4095 4095 4095 4095 
4095 4095 4095 4095 4095 4095 4095 4095 4095 4095 4095 4095 4095 4095 4095 4095 
4034 3804 3580 3368 3173 2969 2754 2564 2390 2204 2027 1868 1693 1548 1389 1244 

  ------------- I raw samples ------------- 
1 2 751 1900 3011 3968 4095 4095 4095 4028 3171 2137 1105 261 0 0 
33 753 1795 2916 3897 4095 4095 4095 3982 3073 1996 917 1 1 0 2 
299 1446 2749 3923 4095 4095 4095 4095 3305 2095 878 2 1 0 2 170 
1379 2833 4095 4095 4095 4095 4095 3328 1910 551 0 2 0 1 362 1797 
3376 4095 4095 4095 4095 4095 3190 1569 64 0 0 0 0 541 2161 3883 
4095 4095 4095 4095 4095 2730 949 1 0 2 1 2 1125 2946 4095 4095 
4095 4095 4095 3443 1665 2 0 0 1 1 673 2505 4095 4095 4095 4095 
4095 3781 2056 399 1 1 1 1 718 2381 4006 4095 4095 4095 4095 3218 

  ------------- Q raw samples ------------- 
1931 520 3 3 1 3 2 859 2170 3408 4095 4095 4095 4095 3696 2488 
1165 2 3 2 3 46 1096 2426 3680 4095 4095 4095 4095 3990 2743 1269 
3 2 3 2 5 619 2131 3630 4095 4095 4095 4095 4075 2772 1194 3 
2 2 5 3 495 2245 3930 4095 4095 4095 4095 3960 2390 635 1 1 
5 4 2 738 2760 4095 4095 4095 4095 4095 3857 2010 88 3 1 1 
3 1 1308 3483 4095 4095 4095 4095 4095 3414 1328 2 4 4 3 3 
316 2448 4095 4095 4095 4095 4095 3928 1944 1 4 3 4 3 57 2012 
4095 4095 4095 4095 4095 4095 2357 372 2 1 1 1 428 2422 4095 4095 

  ------------- I raw samples ------------- 
1909 1384 986 705 613 687 953 1359 1882 2419 2918 3245 3354 3280 2980 2558 
2082 1617 1257 1058 1003 1116 1374 1728 2129 2519 2848 3054 3114 3042 2779 2427 
2009 1574 1249 1031 989 1094 1380 1729 2209 2634 2999 3269 3394 3334 3109 2767 
2335 1857 1410 1094 874 838 946 1178 1549 1989 2450 2895 3264 3526 3649 3636 
3436 3084 2669 2189 1729 1318 1016 869 871 1025 1288 1632 2027 2433 2795 3148 
3356 3507 3502 3380 3112 2765 2358 1926 1531 1190 959 855 910 1096 1426 1819 
2237 2661 3031 3330 3528 3592 3534 3365 3083 2711 2308 1857 1457 1106 875 759 
799 958 1231 1595 2039 2499 2915 3274 3522 3677 3665 3584 3388 3058 2674 2252 

  ------------- Q raw samples ------------- 
3776 3733 3477 3044 2495 1880 1273 783 442 316 456 844 1412 2050 2646 3102 
3343 3340 3124 2757 2267 1772 1316 974 769 745 918 1233 1684 2189 2666 3017 
3216 3234 3028 2660 2184 1664 1175 790 562 516 665 1017 1481 2032 2597 3060 
3388 3518 3464 3180 2760 2237 1702 1184 738 422 268 279 468 823 1324 1891 
2494 3040 3443 3680 3717 3545 3220 2776 2238 1717 1248 863 601 495 528 692 
988 1384 1873 2349 2820 3212 3497 3618 3570 3350 3007 2544 2032 1523 1069 717 
496 432 528 772 1141 1612 2120 2626 3086 3456 3696 3805 3742 3523 3173 2720 
2210 1683 1191 792 516 377 386 571 904 1322 1839 2355 2864 3311 3680 3918 

  ------------- I raw samples ------------- 
2081 2083 2079 2079 2080 2066 2069 2055 2069 2073 2080 2070 2073 2081 2090 2093 
2084 2092 2101 2061 2084 2081 2085 2085 2094 2092 2085 2084 2082 2092 2084 2095 
2104 2104 2092 2095 2084 2077 2085 2116 2103 2106 2109 2104 2082 2074 2086 2088 
2094 2099 2104 2110 2095 2085 2107 2103 2109 2100 2109 2084 2110 2088 2094 2091 
2084 2084 2084 2122 2102 2107 2116 2109 2103 2100 2110 2105 2133 2114 2100 2101 
2104 2132 2116 2123 2129 2110 2124 2118 2120 2132 2137 2137 2130 2129 2128 2148 
2139 2135 2138 2144 2149 2127 2136 2133 2138 2127 2136 2143 2134 2161 2154 2154 
2139 2145 2138 2164 2161 2165 2161 2141 2141 2157 2162 2157 2182 2213 2190 2188 

  ------------- Q raw samples ------------- 
2136 2123 2127 2124 2121 2138 2130 2134 2127 2128 2131 2138 2142 2138 2139 2132 
2129 2128 2133 2126 2122 2133 2127 2127 2134 2126 2124 2126 2127 2123 2131 2127 
2117 2120 2118 2127 2119 2120 2115 2113 2118 2112 2116 2115 2130 2119 2120 2120 
2113 2122 2126 2111 2111 2119 2106 2118 2114 2112 2112 2123 2107 2117 2120 2109 
2116 2122 2121 2115 2124 2122 2117 2111 2129 2116 2123 2108 2110 2112 2122 2116 
2113 2103 2109 2111 2118 2106 2108 2107 2106 2120 2120 2120 2117 2110 2120 2110 
2119 2119 2129 2117 2122 2120 2116 2118 2136 2122 2136 2125 2118 2124 2122 2105 
2124 2109 2110 2104 2105 2107 2127 2116 2106 2100 2113 2092 2087 2091 2096 2093 

  ------------- I raw samples ------------- 
2625 2917 3205 3418 3570 3594 3448 3165 2808 2357 1884 1430 1030 781 650 652 
825 1088 1480 1903 2307 2614 2808 2870 2707 2430 2054 1561 1103 676 373 253 
300 496 928 1452 2077 2726 3301 3766 4058 4095 3980 3658 3157 2555 1910 1332 
868 603 526 719 1039 1541 2116 2680 3192 3582 3761 3708 3432 2988 2446 1846 
1301 874 632 573 730 1062 1494 1997 2526 2970 3268 3421 3384 3171 2810 2364 
1879 1434 1128 993 1003 1211 1558 1967 2432 2851 3138 3251 3168 2915 2504 1974 
1434 900 479 247 214 412 785 1310 1953 2613 3254 3792 4095 4095 4095 4095 
3806 3360 2852 2358 1889 1481 1198 1015 926 921 947 1020 1088 1149 1184 1260 

  ------------- Q raw samples ------------- 
2887 2658 2336 1935 1446 993 570 252 71 67 228 554 1001 1524 2073 2583 
2981 3255 3344 3252 2961 2557 2081 1576 1169 889 782 892 1204 1689 2291 2947 
3586 4095 4095 4095 4095 4095 3803 3088 2300 1508 817 286 10 15 269 746 
1384 2096 2815 3398 3820 4022 3958 3650 3108 2432 1710 1032 508 207 166 381 
822 1420 2093 2745 3301 3685 3847 3794 3482 3025 2442 1827 1281 857 623 597 
793 1185 1693 2247 2760 3152 3372 3391 3176 2756 2206 1620 1079 679 451 478 
733 1202 1835 2561 3287 3924 4095 4095 4095 4095 4007 3342 2586 1792 1062 462 
47 3 4 3 209 585 985 1401 1780 2084 2311 2488 2637 2752 2879 3028 

  ------------- I raw samples ------------- 
97 2 1 13 532 1432 2592 3750 4095 4095 4095 3668 2453 1254 420 2 
0 163 592 1240 2131 3182 4095 4095 4095 4095 3200 1927 758 0 1 1 
399 984 1622 2389 3171 3938 4095 4095 4039 3061 1796 573 2 1 0 403 
1249 2094 2863 3578 4095 4095 4095 4095 3239 1989 712 0 1 1 1 815 
1887 2860 3636 4095 4095 4095 4095 3765 2711 1396 95 0 0 0 1 469 
1715 2843 3702 4095 4095 4095 4095 3592 2602 1397 139 0 0 0 1 382 
1713 3030 4095 4095 4095 4095 4095 4095 3309 2138 863 0 1 0 1 2 
535 1850 3101 4095 4095 4095 4095 4095 3592 2593 1459 272 2 1 1 0 

  ------------- Q raw samples ------------- 
1241 2305 3315 4095 4095 4095 4095 4095 2752 1174 3 1 2 1 808 1977 
3009 3802 4095 4095 4095 4095 3281 1832 363 3 1 2 30 1146 2443 3466 
4083 4095 4095 4095 3837 2899 1676 353 2 2 1 29 1265 2740 3927 4095 
4095 4095 4095 3449 2562 1400 227 3 1 5 1 716 2298 3763 4095 4095 
4095 4095 3613 2613 1572 470 1 2 1 1 3 889 2613 4095 4095 4095 
4095 4095 3864 2741 1584 539 3 3 1 3 2 1085 2789 4095 4095 4095 
4095 4095 4095 2947 1552 311 2 1 2 3 4 6 1304 3011 4095 4095 
4095 4095 4095 3908 2557 1162 3 4 3 5 3 4 447 2018 3705 4095 
