  ------------- I raw samples ------------- 
2115 2094 2080 2108 2087 2088 2138 2108 2092 2086 2128 2131 2113 2104 2085 2130 
2152 2123 2117 2117 2129 2131 2110 2119 2132 2140 2113 2108 2123 2120 2112 2119 
2115 2110 2124 2111 2095 2113 2118 2149 2114 2104 2137 2112 2109 2164 2148 2163 
2131 2127 2137 2143 2157 2147 2149 2150 2156 2165 2166 2134 2152 2149 2154 2148 
2148 2154 2134 2137 2171 2163 2139 2149 2174 2160 2157 2172 2176 2158 2167 2157 
2178 2163 2145 2185 2207 2195 2184 2192 2209 2194 2185 2189 2175 2168 2169 2152 
2178 2189 2184 2160 2179 2203 2200 2216 2201 2205 2222 2183 2167 2190 2191 2179 
2168 2174 2192 2181 2187 2174 2209 2207 2178 2179 2171 2185 2171 2164 2154 2165 

  ------------- Q raw samples ------------- 
2065 2070 2066 2070 2070 2067 2065 2069 2068 2065 2064 2056 2063 2073 2065 2060 
2073 2077 2070 2068 2066 2067 2068 2062 2069 2071 2076 2065 2070 2070 2076 2078 
2077 2080 2078 2078 2071 2075 2077 2067 2082 2077 2075 2070 2082 2065 2071 2071 
2082 2083 2085 2090 2083 2083 2088 2081 2084 2083 2088 2086 2089 2094 2081 2088 
2089 2084 2090 2086 2096 2097 2096 2091 2083 2088 2096 2097 2097 2102 2094 2102 
2100 2100 2101 2098 2095 2094 2095 2094 2096 2099 2096 2095 2095 2087 2096 2099 
2089 2091 2092 2090 2094 2094 2097 2104 2105 2106 2102 2098 2102 2095 2107 2105 
2110 2110 2102 2100 2104 2114 2112 2115 2110 2113 2115 2128 2120 2122 2129 2128 

  ------------- I raw samples ------------- 
2133 2166 2171 2212 2236 2285 2318 2335 2366 2361 2393 2386 2442 2463 2520 2573 
2608 2630 2679 2705 2743 2776 2812 2806 2824 2819 2790 2775 2726 2667 2615 2518 
2434 2326 2200 2034 1922 1753 1582 1411 1294 1148 1028 856 712 661 546 509 
484 487 530 592 681 818 921 1076 1261 1462 1667 1871 2097 2315 2510 2704 
2896 3030 3167 3304 3404 3461 3469 3465 3405 3348 3263 3141 3006 2864 2669 2574 
2399 2274 2132 2029 1936 1812 1736 1665 1640 1587 1585 1617 1664 1681 1752 1826 
1912 2005 2104 2217 2290 2354 2436 2464 2454 2505 2491 2484 2477 2456 2390 2356 
2324 2278 2229 2201 2182 2148 2121 2092 2077 2051 2069 2051 2066 2083 2142 2188 

  ------------- Q raw samples ------------- 
1387 1413 1438 1463 1490 1512 1540 1557 1578 1598 1614 1624 1630 1651 1656 1681 
1701 1733 1780 1829 1890 1953 2028 2115 2208 2304 2410 2537 2647 2768 2882 2998 
3106 3204 3307 3376 3438 3483 3520 3528 3501 3452 3381 3281 3159 3008 2832 2640 
2432 2210 1982 1756 1524 1304 1087 895 720 558 431 340 266 231 234 274 
340 440 567 725 908 1115 1334 1561 1788 2007 2218 2400 2569 2695 2815 2897 
2950 2975 2983 2964 2935 2868 2791 2713 2597 2486 2367 2236 2104 1994 1881 1789 
1698 1646 1604 1587 1585 1613 1644 1712 1778 1852 1919 1988 2051 2109 2166 2206 
2232 2258 2276 2283 2290 2303 2290 2273 2247 2218 2177 2140 2098 2056 2015 1988 

  ------------- I raw samples ------------- 
3139 3030 2917 2738 2574 2385 2185 1979 1756 1612 1479 1342 1317 1273 1334 1409 
1529 1683 1838 2038 2194 2332 2478 2600 2678 2730 2794 2775 2750 2705 2616 2486 
2347 2222 2026 1856 1661 1528 1396 1291 1226 1219 1252 1316 1395 1520 1708 1905 
2125 2299 2475 2655 2827 2950 3051 3125 3141 3139 3076 2998 2881 2704 2537 2328 
2121 1902 1712 1518 1383 1288 1212 1170 1158 1233 1310 1476 1614 1773 1929 2106 
2274 2402 2519 2624 2707 2776 2839 2857 2832 2802 2755 2675 2592 2486 2397 2259 
2167 2026 1945 1835 1766 1706 1685 1668 1679 1735 1763 1858 1950 2031 2133 2234 
2315 2385 2447 2494 2532 2552 2543 2529 2486 2452 2409 2344 2314 2202 2069 1952 

  ------------- Q raw samples ------------- 
1927 2181 2410 2624 2798 2921 3011 3052 3035 2975 2852 2694 2499 2292 2066 1854 
1656 1485 1351 1264 1212 1219 1251 1330 1449 1591 1752 1922 2117 2296 2468 2631 
2757 2868 2955 2983 2971 2911 2802 2652 2464 2246 2021 1784 1564 1358 1178 1038 
940 891 878 925 1001 1124 1276 1457 1671 1903 2140 2381 2610 2826 3007 3158 
3245 3291 3288 3228 3098 2936 2732 2510 2280 2048 1820 1624 1458 1323 1229 1173 
1152 1165 1210 1292 1393 1498 1631 1773 1919 2055 2203 2350 2471 2580 2668 2735 
2772 2781 2755 2711 2633 2541 2430 2308 2172 2042 1933 1828 1742 1682 1632 1617 
1623 1655 1710 1777 1858 1958 2061 2152 2269 2367 2471 2565 2647 2730 2803 2859 

  ------------- I raw samples ------------- 
1317 1233 1152 1120 1111 1155 1177 1237 1360 1462 1594 1754 1910 2047 2230 2397 
2557 2670 2790 2898 2955 3021 3061 3057 3029 2943 2842 2770 2639 2484 2318 2149 
1982 1817 1672 1501 1381 1279 1182 1094 1068 1051 1090 1100 1139 1228 1322 1463 
1627 1774 1944 2101 2264 2431 2625 2755 2886 3022 3086 3119 3151 3148 3080 3028 
2914 2737 2589 2438 2270 2074 1869 1658 1468 1329 1168 1038 942 849 798 791 
806 891 981 1101 1263 1427 1600 1775 2008 2231 2446 2604 2776 2939 3054 3123 
3208 3228 3280 3225 3174 3072 2923 2786 2617 2416 2240 2028 1818 1626 1457 1276 
1117 1006 888 850 780 761 792 865 966 1104 1248 1410 1630 1808 2038 2279 

  ------------- Q raw samples ------------- 
3018 2898 2754 2590 2409 2208 2023 1836 1649 1488 1344 1219 1110 1045 1009 995 
1019 1070 1160 1275 1415 1580 1754 1943 2144 2352 2544 2729 2894 3039 3145 3239 
3278 3300 3284 3248 3177 3084 2949 2810 2639 2464 2269 2089 1898 1717 1535 1377 
1226 1105 1010 943 915 921 936 1022 1122 1250 1409 1606 1806 2023 2247 2466 
2685 2881 3067 3217 3328 3412 3470 3503 3477 3406 3312 3178 3009 2824 2620 2391 
2157 1921 1696 1475 1259 1078 921 799 702 646 636 677 730 835 993 1174 
1355 1565 1783 2039 2264 2491 2716 2916 3088 3240 3349 3438 3475 3485 3459 3402 
3295 3151 2990 2788 2574 2342 2099 1848 1605 1355 1138 933 756 616 513 449 

  ------------- I raw samples ------------- 
1807 1647 1539 1414 1294 1202 1144 1104 1068 1065 1060 1104 1149 1256 1322 1444 
1534 1688 1846 1977 2145 2263 2411 2522 2622 2768 2849 2929 2986 3054 3072 3063 
3036 2990 2939 2863 2801 2714 2576 2458 2306 2198 2072 1922 1769 1652 1510 1452 
1360 1292 1247 1189 1178 1174 1183 1218 1279 1379 1470 1540 1679 1796 1934 2094 
2187 2346 2469 2593 2698 2829 2908 3002 3028 3087 3102 3128 3102 3080 3006 2972 
2872 2786 2688 2570 2451 2322 2189 2055 1928 1785 1682 1541 1470 1397 1354 1280 
1204 1204 1213 1221 1232 1288 1384 1436 1524 1637 1750 1892 1999 2136 2281 2409 
2502 2624 2724 2843 2909 2976 3021 3049 3062 3029 3047 3001 2935 2872 2776 2648 

  ------------- Q raw samples ------------- 
3257 3261 3206 3129 3045 2936 2813 2668 2514 2353 2184 2006 1838 1665 1510 1361 
1230 1125 1033 964 912 888 888 916 963 1032 1129 1237 1363 1506 1658 1811 
1971 2131 2292 2446 2583 2715 2831 2943 3022 3079 3121 3140 3137 3115 3064 2992 
2897 2795 2670 2535 2389 2235 2086 1923 1770 1618 1474 1344 1232 1130 1054 987 
953 929 934 960 1013 1078 1168 1263 1381 1517 1656 1805 1959 2109 2268 2414 
2561 2700 2818 2918 3005 3079 3134 3174 3183 3170 3139 3094 3016 2931 2827 2716 
2593 2457 2316 2160 2018 1867 1725 1588 1456 1339 1238 1146 1085 1035 1001 1002 
1014 1040 1096 1178 1275 1381 1504 1640 1790 1933 2088 2247 2402 2548 2684 2811 

  ------------- I raw samples ------------- 
1246 1208 1117 1056 1078 1005 1020 1018 1037 1067 1111 1160 1234 1306 1412 1499 
1602 1678 1794 1911 2027 2155 2256 2342 2479 2579 2698 2753 2870 2903 2988 3062 
3112 3145 3192 3174 3143 3138 3109 3076 3007 2942 2889 2813 2682 2614 2507 2373 
2277 2139 2021 1879 1803 1673 1563 1445 1354 1278 1180 1120 1080 1033 1021 1016 
1025 1040 1059 1095 1147 1216 1298 1365 1475 1559 1704 1792 1908 2030 2167 2284 
2382 2487 2608 2719 2806 2887 2980 3043 3098 3136 3169 3176 3175 3175 3146 3096 
3077 2997 2904 2831 2740 2646 2530 2389 2276 2170 2021 1900 1786 1661 1557 1440 
1328 1239 1181 1094 1042 991 960 951 962 952 978 1040 1102 1165 1231 1329 

  ------------- Q raw samples ------------- 
1672 1802 1940 2084 2210 2337 2462 2600 2712 2825 2931 3026 3106 3181 3239 3270 
3294 3314 3304 3291 3268 3228 3172 3111 3026 2936 2834 2724 2606 2493 2360 2218 
2088 1956 1813 1685 1566 1452 1345 1233 1141 1062 983 926 891 860 842 849 
870 900 949 1009 1078 1167 1256 1370 1483 1608 1744 1875 2019 2159 2291 2435 
2564 2690 2804 2923 3019 3114 3185 3247 3294 3333 3353 3352 3335 3310 3263 3204 
3136 3049 2948 2831 2719 2601 2454 2326 2176 2032 1881 1744 1613 1476 1359 1246 
1131 1041 968 900 838 800 791 783 792 817 861 933 1005 1096 1192 1310 
1434 1571 1699 1848 1993 2147 2291 2435 2574 2707 2844 2952 3066 3165 3237 3300 

  ------------- I raw samples ------------- 
1052 1185 1331 1482 1688 1868 2031 2225 2422 2568 2752 2945 3075 3202 3330 3368 
3467 3531 3523 3540 3485 3447 3415 3288 3183 3043 2906 2742 2541 2383 2250 2019 
1845 1642 1486 1349 1168 1013 926 821 733 635 619 603 567 627 668 748 
885 981 1093 1227 1364 1557 1722 1925 2134 2274 2479 2655 2820 2973 3150 3260 
3349 3414 3508 3563 3554 3520 3476 3432 3345 3246 3097 2976 2792 2624 2450 2268 
2058 1864 1678 1527 1358 1185 1024 906 824 739 657 647 603 606 623 672 
754 849 983 1075 1202 1358 1530 1680 1858 2058 2234 2414 2546 2697 2865 3035 
3148 3254 3362 3413 3483 3541 3545 3505 3474 3437 3343 3237 3118 2982 2857 2701 

  ------------- Q raw samples ------------- 
3554 3639 3714 3746 3743 3726 3690 3606 3500 3378 3232 3060 2873 2672 2463 2253 
2022 1804 1587 1386 1192 1010 834 703 582 492 420 375 367 372 396 472 
566 676 805 959 1132 1314 1502 1712 1922 2136 2348 2556 2760 2946 3128 3288 
3430 3562 3656 3739 3789 3805 3805 3773 3705 3628 3512 3370 3220 3035 2846 2644 
2417 2204 1980 1758 1544 1340 1146 978 831 686 581 506 452 426 420 454 
512 596 696 829 984 1150 1334 1529 1731 1939 2160 2367 2581 2779 2967 3146 
3305 3445 3562 3670 3744 3792 3822 3828 3799 3748 3665 3574 3453 3312 3157 2978 
2794 2602 2391 2178 1968 1762 1559 1374 1192 1028 880 756 654 568 501 473 

  ------------- I raw samples ------------- 
2874 2659 2434 2207 1997 1783 1552 1345 1167 976 775 641 475 357 220 121 
69 24 0 0 29 72 129 230 335 442 576 770 934 1129 1336 1532 
1764 1966 2214 2429 2644 2834 3072 3266 3452 3636 3762 3897 4016 4095 4095 4095 
4095 4095 4095 4095 4048 3978 3880 3742 3580 3393 3233 3050 2830 2626 2414 2199 
1983 1762 1540 1351 1144 925 756 597 450 319 224 124 37 2 0 1 
0 0 69 141 221 348 476 618 768 954 1135 1340 1560 1748 1971 2177 
2414 2627 2868 3042 3264 3457 3613 3768 3934 4008 4095 4095 4095 4095 4095 4095 
4095 4095 4095 4095 4010 3880 3734 3548 3374 3188 2984 2748 2535 2348 2108 1863 

  ------------- Q raw samples ------------- 
2 1 2 2 3 2 74 225 391 583 795 998 1251 1483 1735 1990 
2243 2489 2744 2990 3216 3434 3634 3826 4006 4095 4095 4095 4095 4095 4095 4095 
4095 4095 4095 4095 4095 4095 3916 3706 3491 3256 2998 2746 2468 2196 1942 1658 
1411 1170 924 710 518 310 136 5 5 3 5 5 3 4 3 4 
4 3 22 169 343 543 751 969 1194 1437 1684 1931 2187 2437 2693 2929 
3158 3376 3578 3760 3933 4095 4095 4095 4095 4095 4095 4095 4095 4095 4095 4095 
4095 4095 4095 4025 3836 3622 3395 3151 2896 2660 2384 2120 1846 1585 1314 1088 
835 618 406 215 62 4 3 2 4 2 3 4 2 1 1 2 

  ------------- I raw samples ------------- 
4095 4095 4070 4061 4039 3944 3905 3794 3714 3615 3489 3385 3252 3148 2997 2840 
2664 2504 2350 2208 2039 1837 1678 1525 1364 1213 1073 940 801 669 564 459 
361 271 220 181 129 112 104 109 154 198 242 340 410 522 625 764 
897 1027 1176 1369 1560 1732 1895 2092 2266 2442 2616 2770 2936 3128 3273 3421 
3544 3671 3794 3888 3979 4057 4095 4090 4095 4095 4095 4095 4066 4043 3986 3887 
3795 3695 3562 3427 3285 3135 2963 2807 2640 2464 2278 2090 1925 1749 1543 1353 
1171 1028 844 684 546 389 285 161 51 0 2 1 1 0 0 1 
1 2 0 0 1 87 230 336 519 692 884 1054 1264 1481 1684 1925 

  ------------- Q raw samples ------------- 
1517 1323 1160 985 811 677 536 413 289 190 104 15 3 4 2 5 
4 1 4 3 7 82 179 288 404 533 674 833 1001 1188 1365 1546 
1739 1941 2136 2337 2536 2733 2933 3115 3297 3469 3640 3786 3925 4046 4095 4095 
4095 4095 4095 4095 4095 4095 4095 4095 4095 4095 4079 3953 3808 3652 3476 3295 
3113 2910 2702 2488 2272 2068 1849 1658 1447 1237 1054 860 698 511 353 227 
101 3 1 1 2 2 3 3 3 4 3 1 1 3 3 10 
127 274 445 620 811 1010 1213 1431 1659 1897 2126 2369 2604 2840 3066 3285 
3504 3705 3897 4079 4095 4095 4095 4095 4095 4095 4095 4095 4095 4095 4095 4095 

  ------------- I raw samples ------------- 
4095 4054 3725 3353 2961 2574 2187 1779 1369 963 603 260 1 0 3 1 
0 2 0 0 1 2 0 1 2 0 2 68 461 866 1257 1692 
2086 2481 2885 3231 3572 3901 4095 4095 4095 4095 4095 4095 4095 4095 4095 4095 
4095 4095 4095 4095 4068 3775 3416 3072 2712 2327 1963 1566 1200 850 493 195 
1 2 1 2 0 0 1 0 0 0 1 2 0 2 78 450 
830 1235 1644 2036 2454 2840 3217 3544 3848 4095 4095 4095 4095 4095 4095 4095 
4095 4095 4095 4095 4095 4095 4095 4016 3678 3328 3005 2600 2232 1811 1426 1044 
693 354 54 2 2 0 0 2 0 1 1 1 0 1 0 1 

  ------------- Q raw samples ------------- 
3 4 3 1 1 0 3 4 1 3 2 3 1 297 770 1270 
1768 2265 2750 3224 3671 4080 4095 4095 4095 4095 4095 4095 4095 4095 4095 4095 
4095 4095 4095 4095 4095 4095 4026 3592 3134 2660 2212 1754 1333 907 521 163 
1 3 2 2 2 3 2 2 5 3 1 2 3 2 3 4 
319 767 1228 1698 2165 2630 3081 3524 3928 4095 4095 4095 4095 4095 4095 4095 
4095 4095 4095 4095 4095 4095 4095 4095 4095 4039 3600 3140 2682 2217 1770 1320 
896 509 135 2 2 3 4 1 2 3 1 2 3 2 3 1 
3 3 106 534 993 1467 1944 2418 2891 3344 3778 4095 4095 4095 4095 4095 

  ------------- I raw samples ------------- 
2711 3106 3472 3809 4095 4095 4095 4095 4095 4095 4095 4095 4095 4095 4095 4095 
4095 4095 4095 4095 4095 3855 3447 3075 2638 2262 1874 1480 1111 755 397 94 
2 1 1 1 0 1 0 0 1 1 1 1 0 0 0 1 
51 347 700 1070 1426 1809 2194 2537 2870 3241 3590 3900 4095 4095 4095 4095 
4095 4095 4095 4095 4095 4095 4095 4095 4095 4095 4095 4095 4095 4095 4006 3671 
3300 2927 2552 2202 1864 1515 1196 894 580 315 80 0 1 0 1 0 
0 1 1 2 1 1 0 0 1 0 1 1 18 239 511 798 
1124 1453 1751 2066 2388 2710 2996 3299 3556 3795 4051 4095 4095 4095 4095 4095 

  ------------- Q raw samples ------------- 
4095 4095 4095 4095 4095 4031 3584 3110 2624 2145 1646 1176 724 304 1 2 
2 2 1 1 3 3 3 3 3 1 4 3 2 2 4 3 
41 442 890 1344 1790 2234 2661 3082 3480 3850 4095 4095 4095 4095 4095 4095 
4095 4095 4095 4095 4095 4095 4095 4095 4095 4095 4095 4095 4095 4048 3615 3178 
2726 2288 1839 1401 974 574 188 2 3 2 2 2 2 1 3 2 
3 3 3 4 2 2 1 3 1 2 1 179 570 965 1352 1743 
2127 2500 2864 3213 3541 3845 4095 4095 4095 4095 4095 4095 4095 4095 4095 4095 
4095 4095 4095 4095 4095 4095 4095 4095 4095 4095 4095 3912 3558 3203 2826 2462 

  ------------- I raw samples ------------- 
3344 3456 3586 3675 3762 3825 3855 3848 3880 3912 3912 3897 3846 3804 3741 3673 
3581 3488 3359 3242 3076 2924 2768 2581 2434 2237 2046 1816 1662 1506 1319 1096 
971 845 683 571 475 382 317 288 298 250 303 337 379 456 572 678 
791 903 1061 1219 1408 1553 1730 1896 2052 2239 2367 2521 2685 2820 2947 3056 
3163 3265 3339 3431 3513 3569 3592 3619 3624 3641 3604 3604 3567 3507 3423 3346 
3250 3152 3045 2906 2756 2629 2456 2272 2116 1928 1773 1595 1432 1268 1096 1002 
861 748 620 561 537 479 455 467 547 566 638 770 870 994 1115 1261 
1397 1587 1763 1920 2094 2250 2390 2546 2674 2833 3005 3098 3200 3254 3351 3428 

  ------------- Q raw samples ------------- 
274 374 480 603 725 868 1019 1188 1348 1528 1705 1895 2081 2279 2467 2663 
2847 3033 3220 3379 3538 3693 3830 3940 4050 4095 4095 4095 4095 4095 4095 4095 
4095 4035 3930 3782 3619 3453 3268 3075 2852 2652 2427 2209 1998 1790 1586 1390 
1210 1040 886 746 619 512 424 352 304 274 262 266 289 320 374 438 
519 605 708 822 949 1086 1228 1388 1539 1698 1871 2040 2217 2384 2565 2728 
2897 3052 3216 3365 3501 3624 3740 3810 3875 3944 3968 3969 3964 3914 3870 3776 
3658 3531 3387 3217 3033 2840 2640 2426 2214 2008 1797 1599 1404 1225 1058 907 
772 661 561 487 433 396 380 393 409 456 513 581 674 777 885 1013 

  ------------- I raw samples ------------- 
3 2 8 303 688 1144 1673 2187 2736 3269 3718 4095 4095 4095 4095 4095 
4095 3814 3271 2664 2012 1390 792 286 1 1 1 1 2 137 592 1088 
1650 2233 2804 3333 3792 4095 4095 4095 4095 4095 4083 3678 3133 2523 1890 1267 
687 180 1 0 1 0 2 186 649 1224 1832 2410 3018 3519 3989 4095 
4095 4095 4095 4095 4095 3638 3072 2421 1724 1080 450 0 1 2 2 1 
2 121 648 1256 1932 2529 3131 3666 4095 4095 4095 4095 4095 4095 3726 3193 
2627 1987 1342 771 243 1 1 0 1 0 46 497 1061 1680 2339 2952 
3500 3965 4095 4095 4095 4095 4095 3889 3411 2852 2222 1573 986 467 57 2 

  ------------- Q raw samples ------------- 
3098 2455 1806 1188 639 179 2 4 4 2 4 4 378 970 1638 2358 
3074 3766 4095 4095 4095 4095 4095 4095 4095 3939 3268 2550 1833 1147 551 61 
3 4 6 3 4 8 446 1059 1747 2476 3197 3869 4095 4095 4095 4095 
4095 4095 4095 3834 3128 2381 1636 932 336 5 2 2 2 4 2 44 
562 1223 1944 2697 3435 4095 4095 4095 4095 4095 4095 4095 4095 3865 3112 2312 
1513 771 151 3 1 2 4 2 5 224 858 1574 2300 3031 3711 4095 
4095 4095 4095 4095 4095 4095 3963 3291 2532 1769 1033 386 2 3 3 5 
3 5 53 607 1287 2010 2736 3434 4053 4095 4095 4095 4095 4095 4095 4028 

  ------------- I raw samples ------------- 
3375 3187 3006 2791 2575 2303 2049 1823 1593 1371 1150 988 843 724 646 638 
634 649 742 818 967 1137 1357 1579 1811 2036 2277 2484 2726 2954 3089 3240 
3348 3422 3451 3448 3374 3291 3202 3052 2933 2726 2520 2301 2107 1874 1665 1486 
1338 1198 1092 1003 919 920 927 958 1024 1129 1261 1399 1573 1764 1961 2170 
2362 2563 2741 2903 3055 3147 3232 3270 3292 3263 3204 3088 3018 2847 2729 2545 
2344 2160 1989 1799 1629 1488 1363 1260 1158 1121 1060 1055 1063 1155 1258 1370 
1503 1638 1790 1978 2179 2366 2542 2706 2880 2997 3101 3208 3253 3271 3245 3226 
3164 3030 2900 2738 2594 2438 2256 2031 1867 1651 1501 1375 1226 1136 1018 970 

  ------------- Q raw samples ------------- 
2624 2920 3170 3387 3561 3706 3799 3848 3840 3801 3707 3564 3399 3191 2953 2704 
2443 2168 1882 1621 1364 1121 906 723 590 489 424 409 441 526 658 813 
1022 1245 1496 1750 2028 2285 2527 2754 2973 3156 3302 3411 3486 3521 3508 3466 
3376 3262 3116 2943 2759 2537 2307 2081 1849 1624 1409 1209 1042 904 786 717 
690 694 736 823 948 1113 1290 1499 1716 1948 2179 2408 2610 2814 2976 3131 
3249 3319 3356 3362 3342 3262 3174 3046 2900 2720 2538 2335 2136 1923 1720 1530 
1338 1177 1042 934 856 819 814 855 920 1028 1169 1329 1520 1732 1960 2178 
2405 2618 2828 3013 3186 3306 3397 3476 3494 3497 3464 3376 3266 3137 2990 2813 

  ------------- I raw samples ------------- 
31 120 233 401 618 866 1134 1428 1726 2067 2363 2680 3000 3263 3515 3736 
3902 4046 4095 4095 4095 4095 4035 3876 3726 3511 3260 2986 2709 2447 2114 1827 
1540 1279 1033 770 566 405 294 197 143 163 174 204 333 453 618 839 
1076 1321 1569 1858 2144 2416 2686 2956 3205 3445 3616 3757 3886 3986 4042 4041 
4011 3934 3839 3693 3550 3328 3089 2814 2584 2322 2037 1788 1508 1254 1052 840 
657 492 380 313 262 247 247 308 393 524 639 825 971 1236 1467 1735 
1970 2248 2486 2717 2935 3144 3352 3516 3658 3746 3838 3868 3870 3861 3772 3678 
3538 3379 3192 2961 2773 2531 2293 2006 1753 1557 1303 1108 904 745 598 483 

  ------------- Q raw samples ------------- 
2279 1916 1558 1217 890 594 334 107 3 3 3 2 3 4 4 85 
318 592 909 1240 1596 1963 2321 2688 3020 3343 3639 3889 4094 4095 4095 4095 
4095 4095 4095 4095 4020 3802 3556 3277 2979 2669 2343 2020 1692 1385 1091 815 
566 346 165 25 2 1 3 3 4 68 240 451 683 954 1246 1561 
1889 2218 2551 2851 3146 3416 3678 3897 4058 4095 4095 4095 4095 4095 4095 4071 
3902 3711 3487 3238 2963 2675 2390 2095 1808 1520 1245 995 761 550 370 222 
113 36 2 12 62 145 269 424 614 838 1085 1340 1634 1915 2221 2518 
2803 3066 3314 3554 3737 3895 4025 4095 4095 4095 4095 4052 3934 3784 3605 3388 

  ------------- I raw samples ------------- 
1066 976 861 797 743 733 730 776 793 860 982 1062 1207 1369 1497 1688 
1857 2013 2190 2397 2578 2760 2928 3035 3166 3285 3370 3422 3505 3541 3504 3489 
3423 3351 3298 3179 3037 2895 2716 2516 2368 2163 1981 1797 1611 1433 1276 1134 
990 871 758 720 661 615 626 698 743 850 939 1097 1261 1429 1624 1798 
2012 2224 2408 2582 2764 2948 3100 3197 3288 3394 3419 3441 3396 3356 3288 3169 
3012 2807 2646 2453 2248 2028 1808 1593 1380 1178 989 850 744 626 540 488 
474 487 557 597 729 909 1082 1267 1472 1716 1932 2160 2403 2587 2809 3027 
3190 3326 3418 3501 3557 3583 3562 3480 3402 3265 3072 2888 2670 2459 2215 1950 

  ------------- Q raw samples ------------- 
1454 1649 1853 2055 2266 2462 2665 2844 3030 3183 3326 3446 3536 3608 3656 3667 
3659 3618 3553 3459 3335 3190 3025 2843 2645 2438 2220 2012 1790 1575 1383 1178 
1001 844 686 574 478 409 371 373 377 423 486 582 716 863 1026 1213 
1416 1627 1851 2075 2310 2537 2750 2952 3134 3304 3444 3557 3643 3685 3706 3690 
3637 3544 3411 3274 3093 2896 2676 2444 2196 1943 1708 1462 1243 1038 856 698 
576 496 423 410 420 473 568 699 852 1042 1250 1483 1724 1985 2256 2515 
2772 3010 3237 3440 3624 3768 3878 3954 3984 3982 3928 3846 3714 3555 3360 3140 
2888 2626 2362 2075 1791 1526 1271 1041 827 658 520 414 361 361 397 489 

  ------------- I raw samples ------------- 
1949 2408 2892 3356 3702 4008 4095 4095 4095 4095 4047 3726 3375 2924 2464 1973 
1446 997 609 272 51 1 1 1 97 350 706 1124 1615 2056 2521 2963 
3354 3698 3961 4095 4095 4095 4003 3764 3430 3032 2576 2101 1632 1151 730 333 
51 0 2 0 1 55 361 746 1197 1692 2162 2674 3167 3566 3896 4095 
4095 4095 4095 4095 3958 3626 3210 2775 2261 1775 1285 835 488 211 19 1 
0 84 293 595 984 1435 1889 2379 2834 3250 3625 3928 4095 4095 4095 4095 
4019 3740 3376 2944 2451 1960 1466 996 584 244 3 3 3 1 61 343 
718 1106 1603 2096 2622 3096 3535 3907 4095 4095 4095 4095 4095 4095 3901 3491 

  ------------- Q raw samples ------------- 
4095 4095 4095 3752 3255 2687 2092 1517 976 471 44 3 4 1 2 2 
2 172 625 1161 1734 2322 2880 3397 3826 4095 4095 4095 4095 4095 4095 3942 
3511 2998 2440 1876 1320 812 367 6 2 2 3 5 1 125 537 1030 
1575 2174 2749 3312 3804 4095 4095 4095 4095 4095 4095 4095 4095 3705 3170 2593 
1996 1428 886 395 21 3 2 2 1 3 89 492 978 1525 2100 2672 
3200 3654 4059 4095 4095 4095 4095 4095 4095 3748 3276 2735 2176 1615 1052 563 
148 3 5 3 2 3 3 219 696 1236 1821 2423 3006 3542 3997 4095 
4095 4095 4095 4095 4095 4095 3745 3215 2613 2009 1413 836 313 4 4 5 

  ------------- I raw samples ------------- 
4095 4095 3754 2765 1709 680 2 3 2 2 3 1 0 2 522 1571 
2656 3673 4095 4095 4095 4095 4095 4095 4095 4095 3333 2264 1188 198 1 1 
0 1 1 0 2 14 868 1920 2999 3996 4095 4095 4095 4095 4095 4095 
4095 4083 3126 2018 942 2 0 0 0 0 1 1 0 9 843 1935 
3033 4077 4095 4095 4095 4095 4095 4095 4095 4095 3566 2478 1390 353 0 0 
1 1 1 0 0 1 182 1211 2255 3320 4095 4095 4095 4095 4095 4095 
4095 4095 4095 3658 2581 1487 460 1 2 1 1 0 0 1 0 96 
1000 2050 3090 4064 4095 4095 4095 4095 4095 4095 4095 4095 4095 3265 2201 1125 

  ------------- Q raw samples ------------- 
2 4 5 4 2 3 3 377 1577 2819 3990 4095 4095 4095 4095 4095 
4095 4095 4095 3526 2246 976 2 4 1 2 4 1 0 3 1 901 
2153 3382 4095 4095 4095 4095 4095 4095 4095 4095 4095 3300 1990 720 3 3 
3 2 3 1 1 1 28 1107 2405 3648 4095 4095 4095 4095 4095 4095 
4095 4095 4095 3438 2143 861 2 3 1 2 1 1 1 1 2 425 
1673 2950 4095 4095 4095 4095 4095 4095 4095 4095 4095 4095 3290 2014 743 2 
2 1 3 3 2 3 3 0 292 1510 2774 3966 4095 4095 4095 4095 
4095 4095 4095 4095 4095 3659 2430 1178 5 2 2 2 3 5 2 2 

  ------------- I raw samples ------------- 
2 1 315 866 1456 2028 2642 3156 3668 4095 4095 4095 4095 4095 4095 4095 
4095 4095 4095 4095 4095 4095 4095 4095 4095 3731 3230 2701 2180 1696 1182 720 
286 1 2 1 1 0 1 0 0 0 1 0 0 1 1 1 
0 10 441 989 1568 2117 2658 3220 3713 4095 4095 4095 4095 4095 4095 4095 
4095 4095 4095 4095 4095 4095 4095 4095 4095 4095 3790 3313 2861 2397 1925 1472 
1078 664 288 0 1 1 2 2 3 2 0 1 0 1 0 1 
1 1 1 1 64 433 860 1299 1727 2163 2622 3046 3466 3844 4095 4095 
4095 4095 4095 4095 4095 4095 4095 4095 4095 4095 4095 4095 4095 4095 4095 4095 

  ------------- Q raw samples ------------- 
4095 4095 4095 4095 4095 4095 4095 4095 4095 4095 4095 4095 3627 2946 2274 1601 
968 379 2 3 3 3 4 2 3 2 1 1 3 2 4 4 
3 2 5 382 953 1539 2129 2720 3294 3842 4095 4095 4095 4095 4095 4095 
4095 4095 4095 4095 4095 4095 4095 4095 4095 4095 4095 4095 3815 3161 2508 1866 
1239 658 132 2 3 1 3 6 2 3 2 3 2 3 3 2 
2 5 4 2 101 571 1078 1584 2081 2578 3056 3520 3958 4095 4095 4095 
4095 4095 4095 4095 4095 4095 4095 4095 4095 4095 4095 4095 4095 4095 4095 4095 
4095 3729 3210 2699 2178 1678 1201 741 328 2 2 3 3 4 2 4 

  ------------- I raw samples ------------- 
1712 2642 3496 4095 4095 4095 4095 4095 4095 4095 4095 4051 3231 2323 1412 517 
1 1 1 1 1 0 0 1 333 1168 2065 2964 3794 4095 4095 4095 
4095 4095 4095 4095 4095 4095 3352 2407 1472 596 0 1 0 1 0 1 
0 0 143 952 1851 2757 3630 4095 4095 4095 4095 4095 4095 4095 4095 4095 
3661 2733 1803 886 102 2 2 2 4 3 0 2 2 348 1173 2054 
2901 3711 4095 4095 4095 4095 4095 4095 4095 4095 4005 3200 2230 1245 322 2 
2 0 1 1 0 1 0 2 212 1095 2033 2940 3760 4095 4095 4095 
4095 4095 4095 4095 4095 3655 2754 1814 860 14 0 0 0 0 0 1 

  ------------- Q raw samples ------------- 
2 3 3 1 4 3 2 768 1837 2898 3910 4095 4095 4095 4095 4095 
4095 4095 4095 3995 2998 1918 880 1 2 1 1 1 1 2 0 2 
27 930 2004 3086 4087 4095 4095 4095 4095 4095 4095 4095 4095 4095 3290 2221 
1172 199 0 0 2 4 3 4 2 3 4 790 1878 2991 4019 4095 
4095 4095 4095 4095 4095 4095 4095 4095 3975 2976 1926 926 27 3 4 3 
4 3 1 1 4 332 1339 2426 3502 4095 4095 4095 4095 4095 4095 4095 
4095 4095 4095 3854 2743 1622 567 4 1 3 2 3 5 1 2 3 
366 1402 2486 3554 4095 4095 4095 4095 4095 4095 4095 4095 4095 4095 3201 2039 

  ------------- I raw samples ------------- 
1292 1565 1853 2202 2576 2930 3174 3406 3585 3639 3601 3461 3227 2909 2521 2127 
1719 1332 985 737 574 506 549 701 968 1259 1644 2062 2467 2866 3179 3464 
3666 3770 3732 3615 3394 3127 2775 2362 1912 1542 1160 904 755 696 726 882 
1092 1390 1770 2142 2507 2795 3059 3189 3264 3229 3076 2844 2560 2209 1821 1430 
1068 785 564 468 470 515 686 984 1379 1812 2248 2661 3056 3356 3602 3740 
3757 3684 3505 3230 2893 2483 2058 1627 1203 876 618 483 472 580 820 1160 
1540 1997 2470 2931 3312 3651 3853 3967 3952 3834 3640 3292 2913 2497 2099 1704 
1379 1144 988 934 972 1098 1315 1556 1855 2166 2473 2719 2897 2993 3008 2908 

  ------------- Q raw samples ------------- 
1271 951 699 523 445 468 604 850 1179 1588 2040 2510 2968 3362 3669 3882 
3960 3912 3742 3453 3082 2643 2166 1688 1242 854 548 337 231 242 368 606 
954 1368 1854 2357 2845 3261 3615 3858 3982 3964 3822 3555 3194 2764 2300 1848 
1438 1090 846 714 700 811 1023 1333 1706 2127 2555 2954 3289 3553 3720 3762 
3670 3463 3154 2741 2278 1790 1304 861 484 214 49 26 117 341 658 1072 
1540 2046 2540 3010 3402 3704 3888 3941 3856 3633 3289 2846 2333 1796 1268 793 
409 125 1 2 121 376 767 1226 1752 2281 2778 3234 3588 3852 3960 3950 
3812 3569 3235 2850 2439 2046 1684 1406 1215 1120 1136 1259 1464 1752 2075 2445 

  ------------- I raw samples ------------- 
730 913 1208 1587 1969 2387 2754 3048 3325 3468 3522 3490 3333 3126 2829 2490 
2110 1775 1389 1072 849 724 678 746 893 1111 1453 1807 2213 2588 2952 3191 
3409 3500 3520 3454 3292 3044 2741 2431 2073 1691 1359 1088 875 712 681 744 
879 1126 1397 1727 2111 2444 2812 3094 3316 3424 3476 3442 3321 3153 2873 2558 
2216 1869 1523 1249 1006 817 730 749 864 1036 1293 1590 1916 2269 2589 2880 
3100 3280 3388 3421 3398 3263 3091 2837 2548 2250 1908 1598 1292 1057 889 787 
774 816 945 1136 1375 1683 1990 2306 2609 2850 3101 3280 3376 3432 3395 3313 
3166 2934 2682 2389 2072 1762 1472 1191 979 861 779 720 784 903 1105 1343 

  ------------- Q raw samples ------------- 
1842 1394 991 658 444 341 380 531 782 1137 1538 1969 2424 2835 3197 3478 
3664 3724 3675 3519 3239 2893 2467 2012 1561 1144 785 535 391 359 444 645 
933 1299 1693 2116 2548 2955 3276 3527 3687 3736 3681 3514 3246 2902 2500 2069 
1636 1235 903 642 479 437 484 643 882 1217 1590 1992 2411 2799 3143 3418 
3610 3688 3680 3562 3353 3052 2698 2294 1876 1484 1127 842 638 526 513 600 
764 1013 1311 1670 2045 2425 2776 3096 3364 3537 3640 3639 3554 3377 3112 2792 
2425 2054 1676 1333 1034 797 628 546 536 620 775 1005 1282 1613 1951 2315 
2661 2993 3262 3496 3627 3692 3673 3564 3368 3096 2793 2439 2075 1718 1371 1072 

  ------------- I raw samples ------------- 
3263 3310 3354 3331 3326 3260 3203 3083 2981 2828 2686 2508 2357 2154 1957 1773 
1599 1422 1246 1097 943 841 746 679 606 590 616 645 709 787 925 1063 
1213 1397 1587 1765 2029 2229 2430 2639 2869 3036 3214 3393 3506 3600 3668 3725 
3725 3694 3631 3548 3415 3285 3121 2922 2712 2503 2268 2057 1840 1609 1384 1186 
1037 894 805 742 682 664 680 703 819 916 1047 1220 1421 1589 1816 2063 
2297 2491 2727 2936 3133 3323 3484 3587 3694 3730 3763 3739 3705 3628 3495 3357 
3178 2987 2752 2523 2264 2015 1774 1488 1255 1052 870 661 507 401 349 270 
270 295 370 479 630 751 940 1143 1388 1641 1895 2134 2398 2616 2851 3053 

  ------------- Q raw samples ------------- 
2151 1946 1733 1533 1340 1171 1011 876 752 676 610 590 595 632 697 787 
902 1043 1205 1390 1597 1804 2031 2258 2491 2716 2933 3141 3323 3500 3640 3766 
3852 3920 3940 3942 3904 3824 3714 3574 3399 3200 2985 2739 2490 2230 1964 1702 
1448 1206 985 780 616 477 370 306 285 292 348 438 558 708 888 1102 
1328 1572 1821 2082 2337 2584 2826 3057 3254 3427 3578 3690 3768 3810 3805 3763 
3685 3579 3417 3232 3023 2771 2513 2244 1955 1673 1394 1134 881 660 473 302 
176 80 32 28 65 133 250 426 606 829 1074 1343 1622 1908 2211 2509 
2792 3070 3320 3553 3739 3902 4011 4084 4095 4095 4055 3956 3807 3633 3423 3181 

  ------------- I raw samples ------------- 
2949 2672 2380 2041 1713 1405 1101 787 549 342 168 57 2 9 60 165 
309 552 793 1060 1404 1766 2071 2425 2744 3067 3393 3631 3866 4029 4095 4095 
4095 4095 4095 4021 3810 3600 3366 3054 2715 2370 2028 1696 1390 1103 855 619 
470 353 294 282 340 443 598 795 1043 1309 1622 1944 2268 2591 2881 3192 
3431 3674 3844 4018 4085 4095 4095 4073 3950 3779 3538 3271 2967 2626 2270 1924 
1533 1140 801 487 220 1 2 3 0 3 1 2 0 135 428 755 
1119 1500 1864 2283 2664 3027 3352 3632 3889 4095 4095 4095 4095 4095 4095 4043 
3805 3536 3199 2855 2512 2152 1780 1405 1050 714 470 235 55 1 0 1 

  ------------- Q raw samples ------------- 
156 85 72 132 259 424 662 955 1284 1646 2036 2433 2830 3219 3572 3892 
4095 4095 4095 4095 4095 4095 4095 4095 4095 4079 3747 3398 3016 2614 2203 1800 
1400 1024 701 401 176 3 5 4 5 3 3 168 409 693 1026 1379 
1755 2130 2513 2874 3206 3521 3768 3967 4095 4095 4095 4095 4095 3944 3712 3446 
3135 2767 2402 2011 1626 1215 841 487 184 4 4 5 2 3 2 2 
5 4 213 563 951 1378 1835 2292 2750 3176 3584 3949 4095 4095 4095 4095 
4095 4095 4095 4095 4095 4095 3972 3578 3139 2668 2221 1750 1312 915 531 217 
3 5 2 2 2 4 3 116 418 781 1175 1596 2036 2494 2928 3343 

  ------------- I raw samples ------------- 
4095 4095 4091 3619 3076 2456 1800 1141 468 1 1 1 1 1 2 3 
1 2 0 135 814 1606 2340 3083 3759 4095 4095 4095 4095 4095 4095 4095 
4095 4076 3478 2795 2068 1351 656 40 1 2 1 1 2 1 1 1 
20 607 1342 2117 2878 3637 4095 4095 4095 4095 4095 4095 4095 4095 4095 4095 
3794 3106 2369 1702 1067 524 74 1 2 2 0 3 177 661 1209 1814 
2446 3072 3701 4095 4095 4095 4095 4095 4095 4095 4095 4056 3416 2726 1994 1310 
648 82 0 0 0 0 0 1 37 529 1119 1858 2587 3343 4076 4095 
4095 4095 4095 4095 4095 4095 4095 4095 4095 3616 2739 1805 927 105 1 1 

  ------------- Q raw samples ------------- 
295 4 3 2 3 4 3 3 5 7 616 1395 2221 3061 3870 4095 
4095 4095 4095 4095 4095 4095 4095 4095 4095 4095 3708 2812 1908 1059 282 4 
1 1 4 3 4 3 4 68 769 1588 2434 3269 4061 4095 4095 4095 
4095 4095 4095 4095 4095 4095 4095 4095 3465 2536 1640 775 23 6 2 3 
5 2 2 2 4 173 869 1641 2400 3130 3787 4095 4095 4095 4095 4095 
4095 4095 4095 3766 3028 2234 1429 646 3 2 2 4 2 3 1 2 
2 187 975 1819 2663 3455 4095 4095 4095 4095 4095 4095 4095 4095 4095 4029 
3202 2265 1280 313 4 3 1 3 2 3 1 3 2 2 1 53 

  ------------- I raw samples ------------- 
1 1 27 471 1059 1674 2337 2945 3539 4069 4095 4095 4095 4095 4095 4095 
4095 3884 3317 2737 2102 1499 880 351 1 0 1 0 1 1 0 0 
73 644 1292 2007 2722 3411 4033 4095 4095 4095 4095 4095 4095 4095 4095 4095 
3703 3085 2410 1765 1122 524 0 2 1 0 2 0 0 2 1 1 
263 960 1696 2414 3132 3787 4095 4095 4095 4095 4095 4095 4095 4095 4095 4095 
3719 3138 2519 1899 1285 714 194 3 1 2 0 1 1 3 0 2 
365 958 1590 2238 2868 3442 3927 4095 4095 4095 4095 4095 4095 4095 4095 3953 
3505 3014 2469 1947 1453 947 500 132 1 0 0 0 1 2 0 296 

  ------------- Q raw samples ------------- 
4035 4095 4095 4095 4095 4095 4095 4095 4095 3692 2974 2211 1450 734 88 2 
2 3 2 1 3 1 2 3 513 1233 1995 2758 3500 4095 4095 4095 
4095 4095 4095 4095 4095 4095 4095 3835 3013 2156 1335 539 4 3 2 4 
3 2 3 3 1 3 2 456 1237 2059 2875 3663 4095 4095 4095 4095 
4095 4095 4095 4095 4095 4095 4095 3618 2790 1952 1170 448 4 3 3 4 
3 4 3 3 3 2 4 461 1170 1917 2658 3371 4032 4095 4095 4095 
4095 4095 4095 4095 4095 4095 4095 3572 2876 2162 1472 842 284 4 4 3 
3 4 2 2 3 3 293 836 1426 2035 2648 3234 3771 4095 4095 4095 

  ------------- I raw samples ------------- 
505 528 613 771 970 1217 1468 1796 2116 2456 2781 3082 3362 3606 3787 3935 
4048 4086 4036 3961 3832 3674 3454 3165 2851 2520 2189 1790 1428 1108 783 512 
278 157 69 51 96 219 439 668 964 1307 1674 2052 2415 2758 3071 3336 
3560 3733 3816 3814 3803 3679 3496 3227 2945 2607 2247 1832 1416 1028 668 342 
65 1 0 1 0 0 38 313 619 999 1390 1788 2197 2566 2884 3189 
3423 3564 3604 3633 3556 3404 3172 2889 2524 2143 1748 1359 951 616 316 136 
24 8 121 290 549 887 1248 1637 2103 2528 2929 3281 3610 3900 4078 4095 
4095 4095 4052 3828 3518 3151 2754 2321 1850 1431 1019 723 515 395 432 566 

  ------------- Q raw samples ------------- 
2649 2275 1897 1518 1166 833 552 314 147 43 14 56 168 341 579 871 
1205 1566 1969 2367 2769 3161 3524 3874 4095 4095 4095 4095 4095 4095 4095 4095 
4095 3782 3389 2963 2510 2069 1631 1229 868 562 333 174 104 120 220 403 
658 962 1328 1736 2160 2605 3042 3452 3852 4095 4095 4095 4095 4095 4095 4095 
4095 3933 3513 3043 2549 2048 1544 1100 705 383 137 1 3 0 43 234 
509 844 1228 1640 2103 2543 2970 3354 3684 3934 4083 4095 4078 3904 3624 3256 
2816 2331 1811 1308 824 392 27 3 2 1 0 1 3 2 202 612 
1082 1588 2106 2610 3085 3495 3817 4022 4095 4064 3893 3597 3204 2734 2214 1684 

  ------------- I raw samples ------------- 
3028 3541 3941 4095 4072 3844 3409 2828 2192 1480 828 318 1 0 0 4 
382 967 1601 2257 2812 3250 3527 3616 3506 3222 2808 2301 1725 1190 714 377 
203 203 380 722 1187 1699 2202 2661 3003 3186 3218 3062 2787 2430 2028 1608 
1234 969 834 856 1030 1372 1824 2378 2933 3431 3843 4095 4095 4095 3930 3524 
3044 2519 2032 1592 1295 1139 1139 1311 1600 1985 2385 2786 3114 3339 3398 3306 
3096 2756 2284 1781 1279 793 413 177 80 181 451 827 1342 1893 2450 2953 
3280 3503 3548 3412 3078 2629 2105 1557 1035 599 369 290 392 649 1022 1459 
1923 2360 2703 2934 3046 3009 2872 2632 2310 1942 1588 1249 1033 955 1032 1283 

  ------------- Q raw samples ------------- 
164 405 876 1516 2279 3068 3801 4095 4095 4095 4095 4095 4095 3480 2680 1870 
1125 537 148 2 80 395 900 1524 2216 2888 3467 3888 4095 4095 3928 3538 
3004 2384 1735 1148 688 390 288 389 675 1091 1599 2118 2591 2952 3164 3204 
3064 2746 2299 1760 1186 647 200 3 3 2 200 665 1271 1938 2602 3182 
3621 3877 3928 3777 3456 3008 2496 1986 1540 1210 1047 1057 1243 1584 2047 2582 
3132 3638 4048 4095 4095 4095 3936 3454 2863 2200 1550 976 529 267 202 345 
699 1189 1792 2446 3062 3584 3944 4085 4017 3736 3272 2699 2073 1478 979 617 
433 419 572 859 1238 1664 2091 2481 2784 2941 2944 2778 2447 1988 1451 900 

  ------------- I raw samples ------------- 
977 1194 1485 1814 2174 2525 2829 3070 3231 3316 3239 3092 2895 2617 2251 1916 
1579 1268 1042 897 825 861 1007 1228 1557 1933 2310 2644 2937 3156 3282 3332 
3241 3092 2886 2581 2254 1919 1608 1381 1161 1037 1011 1060 1210 1442 1728 2054 
2380 2677 2972 3164 3275 3296 3240 3092 2898 2628 2307 1999 1716 1491 1287 1149 
1118 1173 1290 1454 1687 1997 2254 2565 2812 3011 3150 3234 3245 3160 3002 2788 
2505 2227 1945 1653 1406 1213 1102 1053 1103 1215 1390 1627 1927 2203 2513 2778 
3004 3140 3237 3258 3179 3017 2806 2548 2255 1944 1667 1376 1168 1009 961 1009 
1136 1354 1626 1937 2249 2564 2837 3077 3218 3264 3243 3106 2923 2676 2371 2099 

  ------------- Q raw samples ------------- 
1646 1262 942 701 557 541 650 867 1171 1538 1943 2360 2733 3050 3285 3418 
3418 3318 3100 2789 2407 1993 1571 1178 863 633 517 529 657 902 1227 1603 
2007 2402 2747 3034 3238 3323 3312 3180 2968 2672 2320 1939 1569 1239 965 781 
691 717 843 1070 1367 1723 2088 2446 2774 3034 3224 3312 3299 3199 3008 2744 
2428 2090 1751 1436 1173 976 860 836 901 1057 1292 1581 1908 2260 2595 2891 
3139 3302 3370 3345 3234 3032 2765 2449 2109 1768 1445 1176 973 849 824 885 
1032 1274 1566 1905 2253 2611 2924 3169 3361 3448 3447 3337 3140 2858 2518 2142 
1774 1424 1131 922 804 789 870 1054 1331 1664 2020 2404 2769 3061 3290 3431 

  ------------- I raw samples ------------- 
1397 1598 1824 2012 2213 2384 2624 2807 2967 3027 3066 3068 3052 2968 2846 2722 
2584 2406 2255 2105 1933 1798 1653 1551 1492 1460 1459 1485 1563 1651 1768 1949 
2083 2290 2478 2673 2877 3004 3113 3200 3250 3267 3209 3141 3032 2847 2648 2456 
2260 2070 1843 1658 1507 1376 1290 1260 1242 1256 1302 1424 1532 1687 1854 2032 
2220 2403 2529 2657 2711 2745 2716 2646 2576 2432 2296 2123 1925 1710 1546 1369 
1239 1092 996 946 931 942 999 1092 1201 1387 1601 1812 2062 2264 2482 2704 
2878 2956 3024 3019 2966 2874 2725 2577 2398 2216 2011 1836 1681 1543 1453 1436 
1426 1472 1521 1629 1776 1965 2155 2353 2556 2736 2925 3058 3139 3221 3238 3215 
