  ------------- I raw samples ------------- 
2080 2097 2076 2081 2086 2081 2073 2096 2071 2064 2058 2075 2072 2077 2068 2082 
2076 2086 2077 2065 2048 2070 2074 2059 2064 2060 2061 2076 2065 2075 2085 2103 
2097 2103 2075 2086 2090 2066 2069 2068 2081 2072 2079 2100 2084 2114 2098 2110 
2099 2076 2068 2096 2104 2083 2075 2090 2096 2107 2097 2097 2094 2091 2098 2096 
2090 2077 2085 2101 2093 2096 2097 2089 2108 2103 2106 2079 2088 2082 2064 2085 
2099 2089 2066 2074 2085 2094 2090 2096 2094 2079 2105 2080 2080 2088 2099 2097 
2094 2099 2101 2091 2085 2094 2074 2085 2096 2088 2081 2071 2066 2086 2085 2072 
2072 2090 2093 2095 2076 2101 2098 2092 2086 2081 2098 2097 2092 2096 2090 2093 

  ------------- Q raw samples ------------- 
2106 2112 2110 2099 2092 2105 2094 2098 2118 2113 2118 2109 2112 2104 2096 2104 
2112 2105 2105 2108 2134 2113 2113 2112 2114 2120 2124 2119 2120 2129 2132 2124 
2115 2121 2115 2130 2122 2118 2132 2121 2136 2134 2132 2124 2131 2128 2122 2129 
2118 2131 2126 2123 2124 2124 2125 2124 2121 2121 2126 2117 2118 2125 2118 2113 
2114 2118 2121 2108 2123 2127 2120 2118 2111 2115 2120 2123 2118 2117 2109 2122 
2107 2118 2116 2108 2105 2129 2110 2108 2113 2111 2112 2108 2102 2115 2100 2103 
2102 2112 2108 2120 2106 2109 2107 2121 2094 2099 2113 2100 2111 2111 2093 2099 
2108 2110 2108 2132 2107 2099 2100 2100 2101 2126 2108 2096 2100 2101 2097 2101 

  ------------- I raw samples ------------- 
2106 2096 2094 2091 2123 2094 2078 2081 2081 2091 2089 2088 2089 2073 2064 2095 
2083 2085 2097 2080 2100 2088 2075 2089 2073 2080 2079 2080 2102 2075 2070 2081 
2085 2085 2076 2072 2086 2068 2079 2072 2065 2067 2073 2055 2075 2092 2082 2065 
2088 2085 2071 2066 2077 2070 2064 2044 2065 2082 2081 2085 2080 2080 2090 2086 
2065 2070 2092 2082 2062 2076 2073 2081 2073 2076 2054 2047 2067 2067 2088 2087 
2100 2095 2088 2081 2070 2080 2088 2074 2081 2083 2070 2086 2072 2059 2057 2073 
2091 2087 2054 2076 2083 2073 2076 2078 2074 2076 2096 2102 2102 2066 2059 2055 
2058 2076 2085 2069 2080 2104 2094 2120 2104 2094 2101 2095 2093 2092 2083 2092 

  ------------- Q raw samples ------------- 
2088 2070 2095 2082 2088 2084 2085 2086 2090 2072 2072 2087 2080 2077 2088 2089 
2092 2093 2067 2079 2096 2088 2088 2094 2100 2092 2094 2108 2105 2100 2107 2088 
2088 2090 2097 2101 2088 2113 2098 2088 2086 2104 2103 2111 2101 2094 2105 2106 
2108 2116 2123 2120 2108 2119 2117 2115 2122 2119 2112 2104 2107 2129 2116 2116 
2112 2131 2118 2104 2105 2114 2129 2136 2130 2127 2142 2153 2141 2146 2140 2132 
2124 2130 2132 2128 2140 2127 2137 2117 2118 2117 2122 2124 2132 2143 2132 2135 
2121 2120 2139 2132 2130 2138 2118 2132 2118 2116 2109 2123 2118 2116 2127 2116 
2108 2126 2120 2117 2139 2128 2123 2117 2117 2103 2104 2127 2128 2127 2114 2116 

  ------------- I raw samples ------------- 
2140 2140 2124 2110 2118 2119 2077 2096 2100 2092 2080 2066 2080 2043 2049 2055 
2054 2013 2044 2047 2016 2015 2008 1989 1975 2015 1997 1964 1970 1956 1956 1952 
1935 1936 1932 1915 1912 1919 1907 1895 1910 1918 1900 1889 1879 1872 1871 1869 
1877 1864 1869 1862 1873 1861 1851 1846 1859 1862 1848 1859 1842 1830 1822 1791 
1814 1805 1815 1824 1829 1817 1815 1827 1821 1828 1819 1821 1815 1822 1832 1811 
1842 1833 1836 1830 1842 1837 1850 1862 1867 1875 1856 1883 1866 1887 1908 1910 
1926 1926 1922 1929 1949 1954 1953 1963 1984 2001 2025 2029 2037 2029 2051 2075 
2088 2088 2107 2122 2112 2140 2184 2156 2179 2182 2195 2217 2228 2244 2276 2288 

  ------------- Q raw samples ------------- 
1872 1866 1878 1870 1853 1870 1895 1876 1880 1877 1868 1881 1886 1895 1893 1892 
1883 1898 1896 1894 1891 1894 1895 1918 1925 1913 1936 1930 1928 1935 1941 1949 
1954 1972 1966 1978 1984 1978 1995 1990 2003 2006 2018 2026 2031 2045 2049 2056 
2060 2065 2081 2086 2091 2104 2108 2121 2120 2119 2148 2144 2160 2180 2179 2183 
2201 2197 2194 2210 2222 2233 2243 2251 2267 2268 2279 2293 2305 2316 2306 2318 
2331 2327 2341 2360 2360 2372 2379 2390 2406 2409 2416 2409 2421 2416 2450 2436 
2448 2442 2455 2465 2462 2463 2488 2479 2482 2489 2487 2495 2492 2490 2479 2487 
2492 2483 2494 2475 2466 2465 2462 2457 2456 2438 2440 2441 2433 2428 2403 2405 

  ------------- I raw samples ------------- 
3898 3901 3873 3845 3780 3706 3614 3507 3386 3237 3112 2958 2806 2611 2455 2266 
2083 1908 1720 1561 1429 1263 1114 972 871 761 664 586 509 482 460 450 
422 437 485 535 582 653 740 847 944 1075 1189 1321 1449 1605 1769 1964 
2140 2302 2496 2661 2811 2970 3138 3257 3368 3482 3582 3665 3742 3798 3834 3882 
3868 3839 3772 3710 3644 3550 3408 3276 3141 2968 2830 2639 2458 2292 2096 1882 
1724 1550 1386 1217 1104 952 819 727 639 576 497 466 430 431 402 446 
492 543 606 715 829 919 1037 1182 1310 1440 1576 1738 1906 2049 2207 2354 
2506 2641 2793 2948 3088 3217 3345 3443 3512 3605 3674 3703 3708 3729 3718 3698 

  ------------- Q raw samples ------------- 
1495 1286 1106 912 752 605 454 335 226 144 91 48 33 44 53 105 
188 258 383 482 598 756 915 1084 1256 1441 1634 1821 2010 2200 2389 2572 
2755 2936 3097 3251 3393 3517 3649 3746 3846 3922 3980 4025 4044 4065 4048 3997 
3946 3869 3778 3656 3540 3397 3238 3075 2885 2671 2465 2270 2045 1827 1614 1405 
1192 997 826 667 511 384 255 176 92 51 13 7 46 74 161 237 
330 459 606 761 933 1104 1297 1490 1684 1886 2087 2282 2477 2653 2842 3018 
3176 3319 3466 3584 3694 3767 3856 3901 3958 3974 3982 3960 3928 3890 3832 3734 
3650 3551 3415 3269 3117 2951 2770 2576 2390 2195 1996 1793 1607 1392 1208 1037 

  ------------- I raw samples ------------- 
4095 4095 4095 4095 4026 3768 3455 3093 2688 2259 1812 1391 963 600 281 67 
1 1 2 0 63 308 617 996 1415 1865 2325 2752 3176 3555 3884 4095 
4095 4095 4095 4095 4095 3889 3554 3132 2713 2233 1775 1291 864 494 179 0 
1 3 2 1 134 416 834 1261 1696 2159 2637 3095 3492 3819 4080 4095 
4095 4095 4095 4090 3793 3436 3033 2557 2062 1587 1116 715 379 110 3 2 
4 2 179 482 840 1265 1715 2196 2664 3115 3512 3843 4095 4095 4095 4095 
4095 4047 3760 3408 2962 2474 1973 1536 1060 664 292 34 2 1 2 12 
213 548 915 1370 1841 2342 2795 3255 3641 4007 4095 4095 4095 4095 4095 4065 

  ------------- Q raw samples ------------- 
1997 1467 978 522 151 3 2 4 3 5 1 3 224 645 1109 1608 
2152 2679 3172 3622 4022 4095 4095 4095 4095 4095 4095 4095 4088 3654 3165 2634 
2066 1512 962 465 59 3 2 5 1 4 2 3 229 691 1211 1761 
2334 2870 3382 3837 4095 4095 4095 4095 4095 4095 4095 4095 3724 3218 2660 2087 
1523 982 499 67 2 3 3 3 4 2 85 510 1018 1566 2134 2699 
3232 3701 4086 4095 4095 4095 4095 4095 4095 4084 3648 3128 2586 2004 1417 891 
413 3 4 2 5 3 3 2 94 536 1064 1617 2207 2776 3318 3774 
4095 4095 4095 4095 4095 4095 4095 3931 3476 2912 2328 1740 1147 581 109 5 

  ------------- I raw samples ------------- 
2409 2678 2920 3138 3341 3500 3655 3768 3851 3848 3817 3750 3614 3432 3200 2962 
2677 2397 2094 1776 1469 1215 985 776 614 518 451 446 506 601 761 948 
1149 1381 1612 1872 2150 2380 2645 2859 3068 3242 3400 3520 3604 3619 3613 3570 
3480 3343 3158 2955 2728 2471 2196 1920 1630 1388 1173 988 854 721 684 690 
738 840 964 1115 1316 1526 1768 1989 2229 2472 2678 2878 3048 3225 3321 3410 
3492 3493 3479 3436 3288 3117 2910 2680 2431 2143 1883 1604 1334 1091 886 745 
618 558 562 614 732 881 1070 1275 1515 1774 2028 2254 2470 2717 2923 3105 
3262 3386 3469 3517 3508 3470 3388 3273 3094 2896 2629 2367 2094 1813 1494 1192 

  ------------- Q raw samples ------------- 
3812 3636 3425 3177 2893 2590 2273 1954 1627 1306 994 737 496 288 146 36 
4 27 120 283 502 760 1062 1395 1735 2086 2444 2761 3067 3328 3549 3716 
3835 3902 3924 3876 3801 3668 3490 3279 3042 2770 2489 2180 1890 1596 1304 1041 
780 578 420 323 265 275 338 467 637 858 1124 1404 1719 2051 2352 2655 
2929 3148 3349 3497 3596 3650 3645 3604 3499 3368 3202 2998 2776 2507 2234 1945 
1644 1373 1096 840 646 456 341 272 276 325 448 619 832 1119 1423 1748 
2091 2433 2755 3036 3282 3492 3639 3736 3774 3760 3686 3572 3414 3224 2993 2743 
2465 2187 1892 1602 1307 1044 804 598 437 312 256 240 293 411 616 852 

  ------------- I raw samples ------------- 
47 1 1 74 354 734 1173 1660 2111 2569 2952 3240 3457 3598 3644 3660 
3660 3616 3525 3423 3297 3116 2871 2549 2163 1704 1205 746 352 25 0 3 
2 11 336 802 1325 1874 2360 2806 3195 3501 3725 3841 3891 3872 3790 3671 
3508 3318 3102 2840 2524 2156 1751 1309 856 409 21 1 1 1 0 0 
275 797 1361 1929 2472 2968 3366 3680 3873 3944 3962 3885 3742 3548 3315 3085 
2817 2475 2138 1766 1357 937 503 103 2 3 1 0 1 2 130 672 
1247 1870 2471 3003 3446 3772 3983 4078 4054 3945 3761 3511 3221 2895 2546 2201 
1840 1434 1050 662 282 1 1 0 0 1 1 0 196 756 1413 2092 

  ------------- Q raw samples ------------- 
1965 2605 3197 3711 4095 4095 4095 4095 4095 4028 3648 3258 2789 2372 1968 1644 
1326 1042 800 552 313 115 2 3 4 4 166 553 1055 1656 2338 3005 
3613 4095 4095 4095 4095 4095 4095 4095 3660 3138 2629 2133 1680 1291 938 645 
380 174 27 3 2 1 3 62 380 803 1354 2006 2684 3383 3985 4095 
4095 4095 4095 4095 4095 4095 3652 3060 2479 1936 1440 1036 676 409 187 41 
3 2 3 2 97 344 690 1148 1727 2385 3069 3751 4095 4095 4095 4095 
4095 4095 4095 4095 4024 3406 2745 2122 1558 1084 699 408 214 80 50 66 
155 315 550 833 1242 1695 2266 2894 3561 4095 4095 4095 4095 4095 4095 4095 

  ------------- I raw samples ------------- 
2552 3147 3699 4095 4095 4095 4095 4095 4095 4095 4095 4085 3638 3151 2645 2101 
1564 1062 569 123 0 1 1 0 1 1 0 2 23 477 1042 1652 
2304 2898 3457 3962 4095 4095 4095 4095 4095 4095 4095 4095 4095 3950 3474 2978 
2443 1889 1350 851 368 0 0 0 0 0 1 0 1 1 34 459 
950 1501 2057 2598 3105 3600 4025 4095 4095 4095 4095 4095 4095 4095 4095 4095 
3943 3464 2928 2380 1841 1315 821 385 8 3 1 1 0 1 1 0 
2 0 72 441 883 1376 1849 2403 2934 3449 3916 4095 4095 4095 4095 4095 
4095 4095 4095 4095 4095 3948 3475 3011 2513 2027 1577 1149 752 391 65 2 

  ------------- Q raw samples ------------- 
4095 4095 4095 3968 3273 2525 1793 1114 480 1 2 3 3 0 0 3 
5 1 1 408 989 1624 2282 2946 3602 4095 4095 4095 4095 4095 4095 4095 
4095 4095 4095 4095 3862 3176 2486 1773 1126 542 3 3 0 3 2 2 
1 3 1 3 1 446 1065 1709 2370 3010 3616 4095 4095 4095 4095 4095 
4095 4095 4095 4095 4095 4095 4095 3558 2921 2276 1600 964 371 3 5 4 
2 1 3 1 3 2 4 4 372 961 1546 2145 2707 3247 3750 4095 
4095 4095 4095 4095 4095 4095 4095 4095 4095 4095 4095 3988 3356 2705 2004 1345 
722 152 3 3 1 3 1 2 4 4 4 2 3 83 520 1022 

  ------------- I raw samples ------------- 
2197 2176 2192 2193 2197 2184 2167 2165 2180 2187 2174 2177 2176 2176 2159 2154 
2170 2156 2163 2148 2154 2145 2154 2148 2144 2165 2122 2123 2115 2133 2127 2127 
2140 2131 2102 2110 2093 2099 2096 2106 2096 2088 2081 2074 2073 2088 2086 2079 
2061 2068 2065 2094 2072 2041 2061 2085 2090 2075 2046 2049 2070 2062 2040 2038 
2024 2020 2046 2058 2024 2020 2035 2042 2035 2023 2028 2018 2035 2023 2028 2030 
2028 2020 2023 2032 2000 1995 1992 1995 2001 2021 2021 2014 2012 2003 2002 2008 
1995 1986 1988 1998 1987 1997 1989 1998 1984 1984 1983 1996 2019 2005 2003 2004 
2009 2002 1978 1992 1988 1992 1979 1992 1984 1973 1977 1995 1997 1996 1986 1971 

  ------------- Q raw samples ------------- 
2158 2135 2145 2151 2151 2158 2171 2180 2165 2162 2160 2160 2167 2177 2156 2165 
2164 2170 2174 2178 2173 2190 2179 2180 2192 2186 2208 2197 2181 2205 2199 2194 
2195 2207 2213 2196 2213 2205 2200 2196 2206 2209 2202 2219 2195 2194 2217 2206 
2217 2208 2210 2203 2208 2218 2207 2201 2195 2205 2212 2209 2201 2212 2196 2183 
2204 2217 2194 2208 2209 2200 2197 2198 2198 2199 2199 2205 2192 2211 2200 2202 
2187 2183 2200 2183 2192 2206 2205 2174 2188 2193 2193 2195 2197 2197 2189 2175 
2187 2186 2196 2185 2183 2171 2192 2184 2193 2181 2168 2184 2187 2176 2177 2184 
2176 2189 2209 2174 2171 2178 2176 2168 2170 2178 2183 2161 2164 2159 2150 2160 

  ------------- I raw samples ------------- 
2054 2060 2061 2066 2070 2056 2049 2040 2068 2061 2059 2077 2045 2064 2054 2067 
2061 2073 2064 2053 2058 2068 2067 2067 2054 2058 2064 2059 2053 2058 2046 2070 
2062 2060 2056 2056 2053 2046 2048 2053 2059 2057 2045 2051 2062 2067 2063 2062 
2050 2057 2065 2047 2047 2068 2039 2061 2070 2071 2075 2070 2052 2051 2063 2069 
2068 2063 2080 2072 2069 2063 2077 2074 2070 2062 2050 2057 2073 2060 2084 2086 
2074 2060 2075 2086 2086 2074 2069 2090 2082 2083 2075 2090 2090 2082 2085 2098 
2088 2106 2099 2101 2110 2095 2118 2096 2097 2105 2095 2108 2105 2104 2101 2097 
2100 2106 2100 2096 2109 2120 2104 2116 2124 2115 2115 2134 2124 2109 2130 2133 

  ------------- Q raw samples ------------- 
2071 2068 2068 2064 2071 2067 2060 2057 2066 2061 2066 2054 2058 2056 2064 2062 
2058 2059 2063 2059 2061 2057 2063 2060 2053 2051 2052 2057 2052 2052 2053 2041 
2041 2044 2042 2047 2050 2045 2045 2045 2043 2041 2046 2046 2038 2049 2052 2044 
2045 2045 2040 2044 2035 2038 2038 2042 2045 2036 2046 2048 2040 2037 2032 2027 
2031 2036 2037 2032 2031 2029 2027 2025 2028 2026 2027 2026 2029 2021 2021 2017 
2021 2020 2011 2023 2020 2020 2015 2019 2012 2012 2014 2011 2016 2009 2003 2004 
2007 2006 2009 2012 2008 2010 2006 2003 2002 2003 1997 2004 2005 1996 2001 2001 
2005 2000 2003 2001 2002 1998 2001 2002 2006 2004 2004 2003 2001 2002 2005 2006 

  ------------- I raw samples ------------- 
4095 4095 4095 4095 4095 4095 4095 4095 4095 4095 4095 4095 4095 4095 4095 4095 
4073 4018 3964 3923 3853 3773 3716 3640 3573 3500 3418 3316 3239 3133 3059 2978 
2892 2778 2670 2589 2480 2377 2289 2205 2074 2001 1868 1793 1692 1578 1463 1381 
1274 1195 1101 1007 902 824 729 654 558 443 357 291 205 134 60 16 
0 0 0 0 0 1 0 0 0 1 0 0 0 0 1 0 
0 0 0 0 1 0 1 0 0 48 168 299 466 616 752 904 
1075 1242 1380 1542 1725 1888 2055 2217 2412 2560 2724 2894 3064 3229 3384 3531 
3691 3832 3935 4063 4095 4095 4095 4095 4095 4095 4095 4095 4095 4095 4095 4095 

  ------------- Q raw samples ------------- 
772 879 990 1105 1208 1328 1439 1563 1660 1796 1916 2033 2141 2261 2383 2496 
2605 2728 2842 2928 3045 3156 3252 3356 3458 3551 3632 3718 3816 3899 3967 4037 
4095 4095 4095 4095 4095 4095 4095 4095 4095 4095 4095 4095 4095 4095 4095 4095 
4095 4095 4095 4095 4095 4095 4095 4095 4095 4095 4095 4095 4095 4095 4095 4095 
4095 3976 3857 3753 3633 3493 3369 3234 3100 2957 2819 2648 2500 2335 2174 2018 
1849 1680 1508 1338 1170 993 836 677 518 354 205 63 2 0 2 2 
2 3 3 1 1 1 1 3 1 2 2 2 2 1 3 3 
3 2 1 3 1 1 2 1 3 2 2 3 3 2 3 146 

  ------------- I raw samples ------------- 
2 0 0 1 0 1 0 1 1 1 2 143 778 1449 2138 2799 
3416 3972 4095 4095 4095 4095 4095 4095 4095 4095 4095 4095 4095 4095 4095 4095 
3804 3270 2713 2146 1570 1025 508 29 0 1 1 0 1 1 0 0 
1 2 1 0 0 199 815 1477 2141 2767 3399 3961 4095 4095 4095 4095 
4095 4095 4095 4095 4095 4095 4095 4095 4095 4095 3610 3019 2419 1829 1229 657 
119 0 1 1 1 0 1 1 1 0 1 0 0 1 233 929 
1629 2356 3054 3695 4095 4095 4095 4095 4095 4095 4095 4095 4095 4095 4095 4095 
4095 4095 3800 3181 2539 1900 1255 648 79 1 3 0 0 1 1 0 

  ------------- Q raw samples ------------- 
4095 4095 4095 3732 2982 2214 1458 698 3 4 2 2 4 4 2 4 
2 4 3 3 1 2 2 2 146 848 1586 2298 2965 3613 4095 4095 
4095 4095 4095 4095 4095 4095 4095 4095 4095 4095 4095 4095 4095 3894 3204 2472 
1729 994 293 2 2 1 2 2 2 2 2 1 2 2 2 2 
3 2 451 1194 1942 2681 3360 4013 4095 4095 4095 4095 4095 4095 4095 4095 
4095 4095 4095 4095 4095 4095 4095 3373 2583 1781 975 217 1 3 2 1 
2 1 1 4 3 4 2 4 3 3 112 876 1659 2468 3235 3925 
4095 4095 4095 4095 4095 4095 4095 4095 4095 4095 4095 4095 4095 4095 4095 3418 

  ------------- I raw samples ------------- 
2527 3184 3738 4095 4095 4095 4095 4095 4060 3634 3073 2458 1818 1158 502 0 
1 3 0 2 0 1 376 1067 1840 2613 3312 3909 4095 4095 4095 4095 
4095 4095 3762 3162 2505 1823 1124 478 1 2 1 2 1 1 2 509 
1224 1986 2731 3396 3967 4095 4095 4095 4095 4095 4095 3854 3273 2637 1948 1243 
582 4 1 1 0 0 2 0 422 1161 2003 2789 3499 4095 4095 4095 
4095 4095 4095 4095 3829 3270 2607 1936 1285 654 119 2 1 1 0 1 
1 414 1130 1915 2695 3433 4043 4095 4095 4095 4095 4095 4095 3788 3188 2512 
1820 1174 576 25 2 2 2 1 3 94 707 1429 2193 2975 3679 4095 

  ------------- Q raw samples ------------- 
3 5 3 2 214 901 1651 2423 3172 3865 4095 4095 4095 4095 4095 4095 
4095 3943 3134 2254 1332 470 3 4 4 4 3 4 3 24 707 1557 
2391 3197 3928 4095 4095 4095 4095 4095 4095 4095 3788 2975 2080 1175 330 3 
4 2 3 2 3 4 17 687 1493 2326 3123 3852 4095 4095 4095 4095 
4095 4095 4095 3943 3123 2194 1244 344 2 3 2 4 3 3 3 21 
722 1568 2402 3180 3900 4095 4095 4095 4095 4095 4095 4095 3908 3150 2272 1359 
498 2 6 4 2 4 5 5 12 684 1574 2434 3238 3948 4095 4095 
4095 4095 4095 4095 4095 3617 2828 1962 1091 246 3 2 2 1 5 3 

  ------------- I raw samples ------------- 
1207 1641 2105 2574 2968 3303 3556 3689 3725 3641 3462 3235 2898 2503 2132 1726 
1366 1044 861 765 791 925 1142 1420 1752 2077 2430 2760 3044 3261 3375 3407 
3337 3159 2897 2529 2119 1714 1351 1010 769 636 601 669 830 1113 1459 1875 
2352 2822 3296 3697 4009 4095 4095 4095 4095 3893 3528 3043 2532 2014 1513 1049 
668 355 186 154 266 566 944 1384 1894 2397 2839 3193 3422 3504 3440 3302 
3022 2688 2280 1875 1455 1061 738 495 376 382 564 909 1428 2010 2666 3290 
3811 4095 4095 4095 4095 4089 3695 3168 2608 2007 1417 853 358 0 0 2 
6 374 917 1570 2261 2907 3473 3879 4095 4095 4095 3812 3390 2853 2256 1606 

  ------------- Q raw samples ------------- 
741 366 129 54 145 357 674 1096 1547 2043 2529 2973 3359 3615 3779 3804 
3695 3483 3160 2748 2306 1866 1440 1090 819 651 589 640 808 1056 1402 1815 
2274 2732 3119 3425 3663 3740 3665 3475 3163 2760 2286 1806 1309 843 443 113 
2 4 4 6 300 759 1336 1944 2602 3220 3766 4095 4095 4095 4095 4095 
4095 3940 3406 2820 2200 1589 1047 636 372 298 405 657 1062 1556 2061 2546 
3016 3397 3682 3840 3877 3764 3517 3121 2605 1991 1338 699 144 3 1 2 
3 189 805 1514 2272 2997 3676 4095 4095 4095 4095 4095 4095 4095 3473 2706 
1909 1122 468 3 4 1 3 321 930 1630 2380 3133 3835 4095 4095 4095 

  ------------- I raw samples ------------- 
2543 2425 2280 2153 2004 1864 1707 1555 1430 1292 1245 1180 1143 1150 1196 1259 
1326 1419 1521 1656 1820 1979 2119 2252 2411 2570 2694 2816 2907 2979 3039 3094 
3084 3062 3002 2970 2871 2768 2667 2521 2369 2204 2033 1875 1716 1566 1454 1324 
1189 1125 1075 1044 1043 1071 1115 1195 1299 1399 1548 1705 1858 2017 2186 2344 
2492 2641 2786 2907 3003 3073 3131 3169 3165 3169 3134 3070 2980 2856 2743 2593 
2461 2312 2128 1964 1799 1665 1524 1416 1307 1239 1193 1145 1132 1111 1139 1190 
1257 1334 1419 1516 1622 1718 1839 1969 2082 2232 2353 2469 2577 2722 2807 2865 
2928 2976 3014 3057 3071 3056 3037 2968 2892 2814 2729 2632 2487 2392 2236 2114 

  ------------- Q raw samples ------------- 
2642 2772 2879 2987 3044 3075 3083 3040 2968 2885 2747 2588 2421 2234 2056 1858 
1666 1515 1358 1217 1110 1026 972 938 943 974 1037 1107 1198 1327 1491 1636 
1816 1988 2181 2358 2545 2699 2854 3004 3118 3193 3272 3291 3281 3252 3180 3082 
2956 2824 2652 2468 2292 2105 1916 1721 1523 1360 1208 1071 972 892 834 815 
817 847 905 1000 1130 1262 1421 1596 1802 1983 2180 2376 2569 2751 2908 3054 
3159 3242 3286 3327 3331 3308 3250 3176 3056 2947 2804 2656 2497 2347 2175 2018 
1867 1713 1592 1445 1327 1228 1154 1082 1043 1007 997 1012 1029 1073 1146 1229 
1328 1444 1571 1702 1864 2005 2163 2328 2490 2624 2759 2852 2964 3041 3125 3158 

  ------------- I raw samples ------------- 
2059 2081 2091 2087 2067 2096 2079 2099 2112 2074 2066 2077 2064 2080 2080 2081 
2071 2070 2069 2088 2093 2078 2089 2080 2073 2116 2101 2084 2076 2092 2104 2108 
2091 2093 2094 2102 2122 2112 2102 2111 2081 2098 2102 2099 2131 2128 2133 2144 
2113 2135 2104 2113 2127 2151 2111 2128 2127 2122 2145 2136 2113 2152 2147 2143 
2130 2117 2154 2130 2128 2146 2160 2140 2156 2148 2139 2145 2163 2157 2159 2158 
2167 2167 2175 2178 2174 2170 2151 2152 2152 2172 2162 2133 2139 2148 2156 2147 
2138 2145 2156 2164 2162 2148 2152 2144 2157 2150 2166 2153 2156 2145 2130 2132 
2155 2150 2134 2128 2157 2145 2145 2160 2156 2128 2164 2162 2168 2151 2160 2167 

  ------------- Q raw samples ------------- 
2068 2053 2053 2053 2060 2039 2044 2050 2040 2062 2044 2052 2056 2045 2038 2056 
2057 2064 2066 2040 2034 2042 2040 2038 2032 2050 2040 2044 2048 2043 2039 2036 
2032 2035 2034 2031 2016 2026 2027 2037 2034 2035 2044 2033 2024 2032 2030 2021 
2031 2025 2039 2026 2028 2025 2028 2026 2018 2020 2014 2032 2027 2025 2032 2029 
2039 2027 2034 2030 2042 2036 2036 2038 2042 2042 2033 2038 2039 2040 2044 2032 
2043 2030 2044 2050 2046 2043 2050 2056 2052 2052 2052 2055 2059 2059 2064 2061 
2064 2068 2052 2064 2069 2060 2055 2060 2061 2066 2072 2087 2074 2085 2075 2082 
2085 2073 2082 2083 2080 2082 2080 2086 2092 2101 2083 2087 2090 2088 2083 2088 

  ------------- I raw samples ------------- 
2117 2088 2095 2115 2109 2094 2107 2094 2098 2116 2111 2098 2085 2101 2102 2119 
2113 2095 2101 2094 2080 2088 2093 2108 2099 2092 2081 2106 2088 2069 2081 2094 
2088 2085 2061 2084 2095 2091 2082 2075 2074 2063 2072 2066 2057 2061 2048 2066 
2076 2063 2087 2087 2079 2054 2050 2049 2077 2060 2059 2049 2044 2056 2052 2038 
2047 2038 2030 2036 2057 2032 2041 2016 2032 2027 2025 2034 2017 2037 2030 2025 
1997 2026 2023 2031 2011 2024 2015 2034 2014 2012 2030 2029 2019 2014 2006 1992 
1993 2003 2011 1995 1976 1990 1965 1976 1996 2004 1986 1987 1981 1962 1964 1947 
1958 1944 1959 1967 1954 1945 1941 1933 1936 1929 1936 1932 1942 1961 1922 1940 

  ------------- Q raw samples ------------- 
1985 1973 1984 1983 1977 1989 1982 1980 1980 1989 1980 1985 1996 1978 1980 1986 
1992 1991 1988 1989 1995 1995 1992 1974 1984 1974 1991 1985 1998 1992 2002 2002 
2001 2007 2010 2000 1997 1989 1991 1990 1991 1991 1995 1996 1988 1992 1999 1982 
2014 2002 1995 1984 1992 1994 2016 2010 2008 2024 2002 2002 2010 2021 2012 2011 
1993 2002 2012 2011 2009 2008 2000 2000 2007 2024 2017 2001 1999 1999 2005 1999 
2018 1999 2016 2006 2024 2023 2018 1988 1996 2018 2001 2012 2029 2035 2024 2022 
2032 2030 2023 2026 2039 2034 2038 2031 2032 2032 2032 2026 2040 2036 2045 2051 
2034 2044 2044 2049 2057 2056 2058 2049 2074 2061 2067 2069 2074 2087 2092 2074 

  ------------- I raw samples ------------- 
1772 1547 1368 1159 978 847 680 550 426 349 299 298 285 312 394 481 
592 706 847 1007 1195 1381 1591 1799 2010 2227 2426 2622 2811 2999 3159 3296 
3384 3491 3578 3658 3696 3701 3690 3685 3616 3565 3454 3367 3259 3132 3007 2826 
2647 2492 2343 2172 1987 1824 1634 1479 1335 1198 1038 920 811 741 681 635 
596 593 604 632 676 770 871 991 1101 1226 1390 1562 1758 1907 2090 2248 
2403 2544 2698 2815 2931 3030 3110 3176 3219 3286 3298 3290 3277 3221 3175 3107 
3015 2921 2827 2708 2573 2439 2316 2175 2049 1906 1759 1631 1528 1409 1307 1237 
1158 1100 1061 1031 1027 1026 1034 1064 1118 1170 1232 1327 1432 1514 1599 1716 

  ------------- Q raw samples ------------- 
39 187 359 542 768 996 1238 1485 1750 2016 2276 2523 2776 2999 3228 3426 
3610 3744 3880 3973 4036 4068 4063 4034 3984 3884 3761 3616 3464 3286 3068 2865 
2647 2432 2199 1958 1743 1540 1321 1134 969 816 656 524 423 346 279 238 
241 246 269 320 394 484 593 720 880 1039 1224 1411 1611 1826 2022 2210 
2436 2619 2801 2987 3146 3281 3403 3516 3619 3673 3706 3722 3689 3660 3575 3491 
3378 3265 3114 2961 2816 2634 2442 2256 2075 1900 1725 1543 1413 1274 1125 1017 
926 839 773 724 705 725 734 760 818 879 964 1071 1180 1311 1449 1581 
1731 1880 2039 2172 2330 2458 2596 2702 2807 2899 2971 3035 3092 3130 3144 3143 

  ------------- I raw samples ------------- 
2158 2201 2229 2271 2300 2336 2377 2406 2425 2472 2473 2495 2513 2504 2488 2480 
2427 2386 2357 2298 2263 2248 2205 2164 2132 2109 2079 2069 2085 2067 2051 2037 
2016 2026 2020 2016 2019 2048 2062 2099 2104 2140 2165 2162 2167 2184 2191 2188 
2161 2106 2060 2036 1964 1888 1845 1782 1758 1691 1690 1675 1671 1669 1693 1719 
1772 1808 1823 1867 1925 1979 2043 2120 2206 2289 2378 2480 2548 2608 2693 2751 
2765 2773 2785 2772 2716 2663 2579 2496 2405 2300 2201 2116 2016 1952 1892 1840 
1785 1762 1759 1749 1739 1735 1759 1776 1834 1865 1933 2001 2081 2173 2263 2329 
2413 2472 2537 2561 2579 2584 2576 2543 2504 2444 2380 2277 2214 2150 2041 1935 

  ------------- Q raw samples ------------- 
2379 2366 2345 2325 2303 2280 2261 2216 2165 2120 2056 1993 1933 1868 1828 1780 
1757 1740 1724 1724 1736 1753 1773 1781 1824 1848 1863 1885 1894 1927 1927 1948 
1983 1999 2029 2052 2077 2080 2088 2089 2080 2056 2034 2014 1973 1928 1890 1850 
1805 1786 1798 1791 1812 1857 1908 1969 2024 2105 2180 2260 2338 2400 2448 2508 
2539 2590 2631 2656 2677 2697 2705 2694 2671 2624 2574 2493 2425 2322 2209 2097 
1974 1849 1723 1623 1525 1452 1416 1377 1369 1382 1415 1466 1538 1600 1663 1756 
1829 1928 2004 2084 2170 2252 2313 2364 2420 2456 2486 2487 2504 2486 2436 2376 
2300 2198 2081 1993 1887 1786 1673 1598 1513 1458 1416 1402 1390 1415 1457 1490 

  ------------- I raw samples ------------- 
2320 2332 2358 2341 2312 2260 2213 2168 2130 2077 2052 2004 1959 1960 1961 1984 
1990 1993 2034 2088 2088 2131 2180 2205 2261 2280 2331 2375 2418 2427 2446 2445 
2430 2380 2328 2232 2149 2047 1943 1861 1810 1753 1693 1677 1694 1723 1745 1785 
1847 1905 1976 2030 2118 2199 2269 2350 2432 2511 2557 2586 2604 2617 2571 2486 
2425 2325 2227 2101 2001 1868 1794 1701 1634 1594 1593 1560 1561 1603 1641 1694 
1737 1800 1875 1954 2048 2148 2255 2329 2373 2422 2470 2487 2484 2440 2389 2337 
2207 2099 1994 1896 1808 1746 1676 1609 1587 1568 1584 1598 1609 1677 1736 1812 
1895 1976 2062 2180 2280 2370 2457 2509 2530 2540 2525 2475 2396 2282 2152 2040 

  ------------- Q raw samples ------------- 
2042 1976 1915 1853 1808 1787 1762 1771 1802 1835 1867 1933 1993 2044 2083 2120 
2151 2182 2173 2194 2215 2205 2200 2201 2176 2149 2114 2046 1996 1919 1823 1739 
1656 1609 1562 1531 1543 1578 1644 1708 1800 1913 2017 2114 2208 2296 2361 2413 
2442 2465 2485 2481 2470 2437 2387 2351 2259 2161 2044 1927 1804 1680 1556 1460 
1392 1332 1334 1354 1409 1484 1566 1690 1793 1915 2026 2137 2224 2312 2387 2455 
2505 2536 2558 2557 2538 2511 2445 2359 2253 2139 2016 1898 1787 1669 1592 1521 
1509 1508 1536 1597 1677 1763 1870 1972 2075 2168 2265 2360 2436 2494 2556 2592 
2609 2608 2582 2523 2462 2351 2229 2095 1974 1828 1694 1590 1524 1470 1462 1469 

  ------------- I raw samples ------------- 
3906 3712 3353 2891 2347 1803 1305 898 584 383 269 253 330 497 787 1223 
1763 2417 3085 3747 4095 4095 4095 4095 4095 3471 2692 1858 1099 417 0 1 
1 0 3 0 192 935 1870 2877 3897 4095 4095 4095 4095 4095 4095 4007 
2974 1888 915 78 3 0 1 1 1 3 378 1381 2559 3781 4095 4095 
4095 4095 4095 4095 4095 3677 2486 1335 322 0 2 0 1 0 3 0 
843 2091 3389 4095 4095 4095 4095 4095 4095 4095 4020 2851 1619 485 1 1 
1 0 0 1 1 526 1789 3140 4095 4095 4095 4095 4095 4095 4095 4095 
3635 2368 1155 92 1 1 2 0 1 0 32 1064 2346 3658 4095 4095 

  ------------- Q raw samples ------------- 
861 342 1 3 3 49 427 919 1446 1984 2518 3035 3556 3981 4095 4095 
4095 4095 4095 3589 2733 1775 791 2 1 1 3 1 2 207 1008 1876 
2768 3629 4095 4095 4095 4095 4095 4095 4095 4095 2870 1489 157 1 1 3 
3 4 2 3 845 1984 3111 4095 4095 4095 4095 4095 4095 4095 4095 3552 
1984 437 3 2 3 1 3 3 4 106 1245 2534 3758 4095 4095 4095 
4095 4095 4095 4095 4038 2541 889 2 3 4 4 2 4 2 3 940 
2289 3618 4095 4095 4095 4095 4095 4095 4095 4095 3115 1438 3 1 3 4 
4 3 4 4 100 1347 2745 4068 4095 4095 4095 4095 4095 4095 4095 3843 

  ------------- I raw samples ------------- 
4095 4095 4095 4095 4095 4095 4095 4095 4095 4095 4095 4095 4095 4034 3074 2049 
1025 59 1 1 3 0 2 1 1 0 0 2 0 2 1 0 
0 1 463 1536 2609 3621 4095 4095 4095 4095 4095 4095 4095 4095 4095 4095 
4095 4095 4095 4095 4095 4095 4095 3471 2605 1757 948 163 1 0 1 1 
1 0 3 1 0 0 1 0 0 0 1 1 0 0 121 936 
1836 2700 3531 4095 4095 4095 4095 4095 4095 4095 4095 4095 4095 4095 4095 4095 
4095 4095 4095 4095 4095 4095 4095 3767 3044 2312 1587 904 237 1 1 0 
1 1 1 1 1 1 0 2 0 1 0 2 0 1 1 1 

  ------------- Q raw samples ------------- 
4095 4095 3660 2286 946 3 3 1 3 3 3 1 3 2 3 2 
1 3 5 5 4 2 576 1807 3046 4095 4095 4095 4095 4095 4095 4095 
4095 4095 4095 4095 4095 4095 4095 4095 4095 4095 4095 3042 1864 737 3 1 
3 2 3 1 2 2 3 1 1 2 2 2 3 4 3 4 
210 1191 2203 3180 4095 4095 4095 4095 4095 4095 4095 4095 4095 4095 4095 4095 
4095 4095 4095 4095 4095 4095 4095 4095 4095 3261 2271 1302 426 3 3 4 
1 3 2 4 2 6 3 3 3 4 3 3 1 2 2 3 
2 2 246 1064 1901 2743 3544 4095 4095 4095 4095 4095 4095 4095 4095 4095 

  ------------- I raw samples ------------- 
1973 1976 1951 1943 1965 1953 1935 1937 1942 1950 1924 1927 1922 1920 1908 1938 
1914 1905 1917 1901 1906 1905 1884 1876 1894 1892 1873 1887 1888 1888 1902 1893 
1885 1859 1861 1893 1889 1895 1882 1896 1909 1884 1870 1882 1872 1887 1870 1872 
1881 1874 1878 1866 1857 1869 1882 1872 1876 1864 1874 1860 1858 1875 1890 1874 
1904 1883 1883 1876 1890 1897 1879 1881 1885 1898 1894 1896 1884 1899 1893 1894 
1899 1899 1921 1921 1909 1921 1906 1901 1939 1923 1915 1911 1904 1934 1922 1926 
1915 1913 1947 1954 1941 1952 1955 1945 1948 1948 1962 1958 1955 1941 1953 1962 
1963 1958 1956 1969 1994 1993 1980 1992 1995 1983 1991 1992 2018 1992 2007 2002 

  ------------- Q raw samples ------------- 
2326 2328 2330 2316 2320 2320 2321 2315 2314 2333 2328 2318 2326 2326 2339 2326 
2334 2320 2292 2311 2318 2292 2293 2288 2280 2272 2298 2273 2279 2248 2267 2265 
2251 2255 2250 2245 2236 2232 2243 2221 2200 2191 2220 2198 2205 2181 2185 2167 
2193 2191 2176 2166 2180 2170 2168 2170 2163 2174 2178 2170 2178 2153 2129 2134 
2109 2120 2116 2112 2098 2107 2122 2107 2091 2096 2100 2090 2086 2085 2073 2089 
2072 2072 2056 2071 2051 2034 2054 2039 2032 2030 2026 2028 2032 2017 2030 2027 
2037 2019 2008 1991 2020 2018 2006 1995 2004 1998 1997 2006 1978 1986 1985 1992 
1981 1988 1997 1999 1968 1970 1977 1970 1978 1979 1972 1990 1996 1987 1990 1981 

  ------------- I raw samples ------------- 
2 2 1 3 175 729 1318 1903 2439 2927 3441 3915 4095 4095 4095 4095 
4095 4095 4095 4095 4095 4095 4095 4095 4095 4095 4095 4095 4095 4095 4095 4095 
4095 4095 4095 4095 4095 4095 4095 4095 4095 4095 4095 4095 4095 4095 4095 3872 
3297 2668 2073 1468 857 290 1 1 1 0 0 1 2 0 1 0 
0 2 0 0 2 1 1 1 1 0 1 1 0 0 0 0 
1 0 1 0 467 1204 1931 2633 3295 3926 4095 4095 4095 4095 4095 4095 
4095 4095 4095 4095 4095 4095 4095 4095 4095 4095 4095 4095 4095 4095 4095 4095 
4095 4095 4095 4095 4095 4095 3764 3029 2313 1565 840 161 1 0 0 1 

  ------------- Q raw samples ------------- 
3 2 4 1 3 3 3 4 3 3 2 2 4 3 4 1 
5 3 4 4 2 2 3 4 3 5 3 3 4 3 4 281 
946 1593 2240 2856 3434 4009 4095 4095 4095 4095 4095 4095 4095 4095 4095 4095 
4095 4095 4095 4095 4095 4095 4095 4095 4095 4095 4095 4095 4095 4095 4095 4095 
4095 4095 4095 4095 4095 4095 3764 2868 1974 1119 295 3 3 0 1 1 
1 1 1 1 2 1 3 1 1 3 2 1 2 3 1 2 
1 4 1 2 2 3 3 3 3 458 1248 2065 2844 3574 4095 4095 
4095 4095 4095 4095 4095 4095 4095 4095 4095 4095 4095 4095 4095 4095 4095 4095 

  ------------- I raw samples ------------- 
4095 4095 4095 4095 4095 4095 4095 4095 4095 4095 4095 3872 2765 1610 488 0 
0 1 2 1 1 0 1 1 0 1 1 2 405 1752 3063 4095 
4095 4095 4095 4095 4095 4095 4095 4095 4095 4095 4095 4095 3901 2791 1645 542 
1 0 2 0 1 0 1 0 0 0 0 1 0 769 2109 3415 
4095 4095 4095 4095 4095 4095 4095 4095 4095 4095 4095 4095 4095 3248 2097 968 
0 2 3 2 0 3 1 1 1 2 0 1 1 708 2058 3408 
4095 4095 4095 4095 4095 4095 4095 4095 4095 4095 4095 4095 4095 3072 1871 720 
2 1 0 2 2 1 1 1 1 0 0 1 1 1050 2457 3799 

  ------------- Q raw samples ------------- 
1 2 1 2 3 1112 2584 3923 4095 4095 4095 4095 4095 4095 4095 4095 
4095 4095 4095 4095 4095 4095 2960 1407 4 3 1 4 1 4 3 3 
2 3 3 5 2 4 691 2173 3587 4095 4095 4095 4095 4095 4095 4095 
4095 4095 4095 4095 4095 4095 4095 2759 1253 3 2 2 1 2 1 3 
4 3 3 2 3 4 56 1428 2912 4095 4095 4095 4095 4095 4095 4095 
4095 4095 4095 4095 4095 4095 4095 3043 1512 8 3 2 2 2 3 5 
4 2 4 4 4 3 132 1577 3128 4095 4095 4095 4095 4095 4095 4095 
4095 4095 4095 4095 4095 4095 4091 2746 1205 3 3 4 3 4 5 3 

  ------------- I raw samples ------------- 
4095 4095 4095 4095 4095 4095 4095 4095 4095 2956 1688 451 0 1 0 0 
0 0 0 0 0 1 1 971 2410 3773 4095 4095 4095 4095 4095 4095 
4095 4095 4095 4095 3702 2504 1305 156 3 1 0 0 0 1 0 1 
2 1 410 1648 2893 4050 4095 4095 4095 4095 4095 4095 4095 4095 4095 4026 
2986 1877 820 1 1 0 1 1 0 0 1 1 0 54 1027 2164 
3266 4095 4095 4095 4095 4095 4095 4095 4095 4095 4095 3605 2520 1446 438 2 
1 1 0 0 1 0 0 0 1 777 1881 2978 3981 4095 4095 4095 
4095 4095 4095 4095 4095 4095 4095 3337 2274 1197 212 1 1 0 0 0 

  ------------- Q raw samples ------------- 
2 3 3 412 2010 3610 4095 4095 4095 4095 4095 4095 4095 4095 4095 4095 
4095 3826 2280 680 2 2 2 2 5 4 2 5 3 4 2 742 
2346 3853 4095 4095 4095 4095 4095 4095 4095 4095 4095 4095 4095 3103 1668 277 
2 4 1 2 3 3 2 3 2 4 184 1528 2940 4095 4095 4095 
4095 4095 4095 4095 4095 4095 4095 4095 3553 2294 1024 1 2 3 2 3 
2 2 2 3 2 4 720 2064 3378 4095 4095 4095 4095 4095 4095 4095 
4095 4095 4095 3939 2728 1445 201 2 1 3 4 5 5 4 1 2 
5 167 1386 2660 3894 4095 4095 4095 4095 4095 4095 4095 4095 4095 4095 4095 

  ------------- I raw samples ------------- 
1596 2028 2476 2904 3309 3703 4034 4095 4095 4095 4095 4095 4095 4095 4095 4058 
3689 3285 2887 2454 2006 1563 1142 758 437 131 1 0 1 0 0 0 
0 0 0 112 444 834 1272 1729 2183 2686 3201 3656 4095 4095 4095 4095 
4095 4095 4095 4095 4095 4095 4095 4095 4095 3926 3359 2749 2154 1544 953 447 
2 0 0 0 1 0 1 0 2 0 0 2 271 746 1237 1740 
2242 2730 3146 3573 3931 4095 4095 4095 4095 4095 4095 4095 4095 4095 4007 3665 
3267 2823 2386 1960 1570 1210 874 597 370 226 151 169 281 442 660 954 
1305 1682 2070 2449 2820 3167 3485 3732 3912 4046 4095 4095 4020 3906 3724 3479 

  ------------- Q raw samples ------------- 
3 2 4 3 3 2 3 5 4 377 880 1428 1977 2502 3017 3500 
3962 4095 4095 4095 4095 4095 4095 4095 4095 4095 4095 4070 3668 3224 2744 2255 
1751 1246 769 277 4 4 3 3 3 2 4 1 2 3 3 3 
3 118 713 1417 2108 2807 3489 4095 4095 4095 4095 4095 4095 4095 4095 4095 
4095 4095 4095 4095 4095 3831 3166 2504 1850 1242 672 148 3 1 3 2 
2 1 2 2 3 4 3 4 310 839 1384 1923 2452 2958 3417 3838 
4095 4095 4095 4095 4095 4095 4095 4095 3896 3478 3036 2561 2079 1610 1177 766 
419 161 2 4 3 4 98 343 646 1006 1412 1847 2316 2742 3194 3586 

  ------------- I raw samples ------------- 
3823 4095 4095 4095 4095 4095 4095 4037 3643 3162 2622 2048 1497 981 518 143 
2 1 1 1 0 149 504 943 1440 1972 2485 2996 3479 3876 4095 4095 
4095 4095 4095 4018 3616 3170 2667 2098 1559 1065 650 270 1 0 1 0 
21 287 684 1132 1616 2117 2622 3098 3531 3875 4095 4095 4095 4095 4018 3728 
3338 2876 2366 1839 1376 945 585 281 95 32 67 213 489 809 1225 1696 
2199 2684 3119 3536 3840 4076 4095 4095 4092 3865 3526 3093 2636 2156 1665 1183 
744 373 97 2 3 1 96 372 712 1121 1608 2090 2590 3045 3474 3797 
4031 4095 4095 4080 3857 3567 3196 2749 2310 1821 1412 1059 718 531 400 382 

  ------------- Q raw samples ------------- 
4 2 170 709 1339 2028 2691 3320 3920 4095 4095 4095 4095 4095 4095 4095 
4085 3562 2963 2318 1687 1095 551 89 1 2 2 1 3 3 26 503 
1095 1759 2432 3067 3688 4095 4095 4095 4095 4095 4095 4095 3954 3429 2846 2232 
1617 1040 530 95 2 2 3 4 2 1 301 800 1395 2012 2663 3233 
3756 4095 4095 4095 4095 4095 4095 3876 3401 2866 2302 1731 1180 682 254 4 
4 2 5 3 152 558 1092 1678 2300 2897 3465 3940 4095 4095 4095 4095 
4095 4095 3863 3370 2832 2251 1676 1121 619 184 3 3 3 5 4 7 
371 857 1454 2037 2634 3159 3622 3967 4095 4095 4095 4095 3840 3466 3037 2580 

  ------------- I raw samples ------------- 
2193 2191 2198 2206 2207 2222 2220 2242 2253 2239 2244 2252 2248 2252 2257 2268 
2263 2246 2258 2286 2239 2262 2263 2275 2241 2262 2265 2254 2262 2259 2250 2233 
2274 2264 2259 2262 2254 2248 2229 2224 2257 2248 2229 2232 2232 2240 2234 2246 
2227 2226 2217 2218 2202 2225 2215 2231 2191 2206 2219 2234 2222 2205 2190 2190 
2195 2223 2187 2196 2205 2214 2216 2196 2192 2196 2194 2189 2200 2186 2176 2190 
2185 2187 2191 2218 2207 2214 2200 2184 2194 2186 2187 2190 2191 2198 2213 2217 
2207 2212 2209 2220 2217 2193 2198 2201 2232 2213 2201 2209 2224 2196 2179 2204 
2215 2214 2189 2214 2211 2206 2203 2204 2222 2214 2238 2208 2209 2215 2209 2208 

  ------------- Q raw samples ------------- 
1883 1886 1894 1898 1923 1916 1928 1933 1938 1947 1948 1956 1968 1964 1962 1970 
1985 2000 1994 1998 2005 2016 2014 2022 2044 2045 2032 2054 2063 2064 2068 2073 
2060 2073 2089 2089 2092 2094 2099 2114 2114 2119 2119 2128 2128 2131 2139 2147 
2139 2132 2156 2163 2159 2156 2160 2159 2171 2170 2170 2161 2184 2171 2170 2174 
2171 2172 2182 2180 2189 2181 2174 2184 2192 2187 2187 2178 2179 2182 2181 2167 
2166 2181 2178 2171 2180 2171 2182 2181 2166 2176 2168 2163 2172 2159 2162 2152 
2152 2160 2144 2136 2133 2136 2135 2129 2111 2120 2117 2113 2112 2108 2105 2104 
2090 2088 2095 2080 2076 2077 2066 2064 2053 2067 2033 2036 2045 2022 2020 2018 

  ------------- I raw samples ------------- 
601 724 882 1029 1202 1382 1573 1744 1961 2136 2352 2519 2700 2894 3094 3257 
3376 3545 3696 3817 3958 4046 4095 4095 4095 4095 4095 4095 4095 4095 4095 4095 
4048 3940 3840 3692 3530 3397 3245 3070 2884 2707 2514 2309 2115 1917 1724 1541 
1343 1180 1019 891 726 599 491 391 306 235 173 125 108 94 121 128 
172 216 301 381 473 575 705 856 990 1134 1305 1433 1610 1795 1975 2130 
2299 2471 2622 2802 2972 3106 3257 3360 3471 3582 3687 3748 3797 3859 3895 3886 
3902 3896 3867 3826 3752 3698 3639 3547 3443 3323 3205 3071 2950 2807 2650 2504 
2344 2193 2024 1857 1695 1536 1375 1226 1106 967 876 759 688 607 553 495 

  ------------- Q raw samples ------------- 
4095 4095 4095 4095 4095 4095 4095 4095 4095 4095 4095 4095 4095 4095 3993 3820 
3631 3444 3222 3003 2784 2557 2325 2107 1865 1627 1404 1182 966 757 572 413 
254 116 4 1 3 3 4 3 3 2 5 3 3 2 3 12 
135 305 486 653 857 1049 1246 1456 1672 1888 2106 2314 2522 2726 2916 3106 
3282 3449 3608 3746 3874 3992 4088 4095 4095 4095 4095 4095 4095 4095 4095 4095 
4084 3976 3867 3731 3592 3440 3284 3094 2911 2741 2543 2358 2178 1967 1773 1589 
1425 1241 1070 902 775 643 509 400 313 222 149 101 74 68 60 87 
123 170 226 308 432 531 652 786 944 1105 1282 1464 1639 1839 2023 2205 

  ------------- I raw samples ------------- 
1790 1790 1822 1830 1868 1884 1918 1962 2002 2039 2092 2141 2203 2233 2279 2342 
2350 2427 2446 2471 2473 2485 2500 2493 2454 2430 2368 2333 2305 2253 2208 2148 
2086 2033 1960 1924 1857 1798 1725 1697 1668 1620 1598 1629 1579 1613 1634 1652 
1701 1748 1783 1827 1904 1982 2057 2149 2215 2286 2351 2403 2455 2495 2503 2534 
2550 2577 2555 2531 2488 2474 2440 2389 2313 2258 2190 2128 2025 1952 1881 1808 
1744 1707 1649 1603 1593 1594 1589 1595 1619 1663 1741 1769 1830 1893 1964 2061 
2132 2205 2257 2327 2364 2414 2441 2472 2485 2488 2485 2466 2456 2400 2345 2285 
2211 2117 2053 1989 1908 1826 1778 1737 1691 1659 1666 1668 1689 1716 1744 1811 

  ------------- Q raw samples ------------- 
2290 2322 2351 2385 2410 2446 2458 2484 2489 2500 2488 2468 2425 2396 2358 2298 
2256 2184 2138 2063 2000 1931 1861 1786 1744 1697 1670 1632 1602 1584 1563 1564 
1589 1600 1647 1671 1717 1791 1843 1900 1958 2048 2139 2200 2284 2360 2444 2494 
2560 2600 2635 2674 2684 2667 2652 2609 2582 2513 2456 2396 2298 2227 2141 2056 
1968 1877 1808 1729 1688 1613 1575 1555 1546 1530 1519 1536 1572 1605 1657 1717 
1793 1886 1964 2060 2158 2230 2340 2415 2494 2558 2595 2632 2652 2660 2657 2643 
2590 2543 2486 2416 2336 2258 2176 2074 2000 1924 1849 1781 1704 1653 1629 1592 
1600 1601 1628 1669 1717 1781 1853 1941 2034 2123 2203 2298 2370 2441 2506 2550 

  ------------- I raw samples ------------- 
2118 2049 1978 1900 1857 1819 1747 1719 1715 1707 1715 1725 1752 1814 1881 1934 
2011 2082 2160 2226 2271 2329 2405 2479 2500 2511 2549 2519 2499 2457 2416 2345 
2278 2190 2126 2023 1959 1870 1818 1741 1689 1662 1662 1654 1666 1721 1776 1838 
1891 1945 2035 2133 2182 2261 2308 2382 2440 2475 2510 2525 2525 2527 2512 2463 
2410 2360 2296 2201 2119 2011 1928 1850 1779 1716 1659 1639 1618 1613 1646 1661 
1712 1767 1816 1894 1960 2052 2127 2186 2283 2345 2420 2503 2535 2578 2608 2617 
2623 2623 2601 2528 2467 2381 2273 2177 2071 1967 1863 1790 1714 1654 1600 1566 
1538 1567 1588 1621 1685 1727 1787 1853 1947 2035 2098 2198 2261 2363 2458 2527 

  ------------- Q raw samples ------------- 
1635 1670 1718 1782 1847 1922 2006 2088 2179 2258 2344 2412 2464 2510 2541 2556 
2565 2546 2530 2483 2440 2368 2279 2203 2120 2026 1930 1840 1748 1686 1637 1592 
1573 1564 1590 1616 1666 1744 1833 1917 2028 2132 2230 2325 2410 2488 2531 2559 
2584 2592 2583 2552 2520 2468 2410 2346 2265 2192 2091 2002 1913 1824 1755 1688 
1624 1604 1563 1562 1577 1615 1672 1745 1823 1910 2003 2116 2212 2316 2401 2489 
2547 2587 2635 2651 2655 2644 2616 2578 2529 2458 2401 2306 2219 2122 2016 1914 
1794 1688 1609 1538 1464 1440 1432 1446 1486 1554 1612 1697 1798 1909 2027 2141 
